0,1,2,3,4,5,6,7,8,9,10,11,12,13,14,15,16,17,18,19,20,21,22,23,24,25,26,27,28,29,30,31,32,33,34,35,36,37,38,39,40,41,42,43,44,45,46,47,48,49,50,51,52,53,54,55,56,57,58,59,60,61,62,63,64,65,66,67,68,69,70,71,72,73,74,75,76,77,78,79,80,81,82,83,84,85,86,87,88,89,90,91,92,93,94,95,96,97,98,99,100,101,102,103,104,105,106,107,108,109,110,111,112,113,114,115,116,117,118,119,120,121,122,123,124,125,126,127,128,129,130,131,132,133,134,135,136,137,138,139,140,141,142,143,144,145,146,147,148,149,150,151,152,153,154,155,156,157,158,159,160,161,162,163,164,165,166,167,168,169,170,171,172,173,174,175,176,177,178,179,180,181,182,183,184,185,186,187,188,189,190,191,192,193,194,195,196,197,198,199,200,201,202,203,204,205,206,207,208,209,210,211,212,213,214,215,216,217,218,219,220,221,222,223,224,225,226,227,228,229,230,231,232,233,234,235,236,237,238,239,240,241,242,243,244,245,246,247,248,249,250,251,252,253,254,255,256,257,258,259,260,261,262,263,264,265,266,267,268,269,270,271,272,273,274,275,276,277,278,279,280,281,282,283,284,285,286,287,288,289,290,291,292,293,294,295,296,297,298,299,300,301,302,303,304,305,306,307,308,309,310,311,312,313,314,315,316,317,318,319,320,321,322,323,324,325,326,327,328,329,330,331,332,333,334,335,336,337,338,339,340,341,342,343,344,345,346,347,348,349,350,351,352,353,354,355,356,357,358,359,360,361,362,363,364,365,366,367,368,369,370,371,372,373,374,375,376,377,378,379,380,381,382,383,384,385,386,387,388,389,390,391,392,393,394,395,396,397,398,399,400,401,402,403,404,405,406,407,408,409,410,411,412,413,414,415,416,417,418,419,420,421,422,423,424,425,426,427,428,429,430,431,432,433,434,435,436,437,438,439,440,441,442,443,444,445,446,447,448,449,450,451,452,453,454,455,456,457,458,459,460,461,462,463,464,465,466,467,468,469,470,471,472,473,474,475,476,477,478,479,480,481,482,483,484,485,486,487,488,489,490,491,492,493,494,495,496,497,498,499,500,501,502,503,504,505,506,507,508,509,510,511,512,513,514,515,516,517,518,519,520,521,522,523,524,525,526,527,528,529,530,531,532,533,534,535,536,537,538,539,540,541,542,543,544,545,546,547,548,549,550,551,552,553,554,555,556,557,558,559,560,561,562,563,564,565,566,567,568,569,570,571,572,573,574,575,576,577,578,579,580,581,582,583,584,585,586,587,588,589,590,591,592,593,594,595,596,597,598,599,600,601,602,603,604,605,606,607,608,609,610,611,612,613,614,615,616,617,618,619,620,621,622,623,624,625,626,627,628,629,630,631,632,633,634,635,636,637,638,639,640,641,642,643,644,645,646,647,648,649,650,651,652,653,654,655,656,657,658,659,660,661,662,663,664,665,666,667,668,669,670,671,672,673,674,675,676,677,678,679,680,681,682,683,684,685,686,687,688,689,690,691,692,693,694,695,696,697,698,699,700,701,702,703,704,705,706,707,708,709,710,711,712,713,714,715,716,717,718,719,720,721,722,723,724,725,726,727,728,729,730,731,732,733,734,735,736,737,738,739,740,741,742,743,744,745,746,747,748,749,750,751,752,753,754,755,756,757,758,759,760,761,762,763,764,765,766,767,768,769,770,771,772,773,774,775,776,777,778,779,780,781,782,783,784,785,786,787,788,789,790,791,792,793,794,795,796,797,798,799,800,801,802,803,804,805,806,807,808,809,810,811,812,813,814,815,816,817,818,819,820,821,822,823,824,825,826,827,828,829,830,831,832,833,834,835,836,837,838,839,840,841,842,843,844,845,846,847,848,849,850,851,852,853,854,855,856,857,858,859,860,861,862,863,864,865,866,867,868,869,870,871,872,873,874,875,876,877,878,879,880,881,882,883,884,885,886,887,888,889,890,891,892,893,894,895,896,897,898,899,900,901,902,903,904,905,906,907,908,909,910,911,912,913,914,915,916,917,918,919,920,921,922,923,924,925,926,927,928,929,930,931,932,933,934,935,936,937,938,939,940,941,942,943,944,945,946,947,948,949,950,951,952,953,954,955,956,957,958,959,960,961,962,963,964,965,966,967,968,969,970,971,972,973,974,975,976,977,978,979,980,981,982,983,984,985,986,987,988,989,990,991,992,993,994,995,996,997,998,999
0.028969593001333907,0.02700024206057297,0.023448817563916827,0.0221121584798962,0.022559977096290845,0.016923748447046527,0.012579586664285977,0.013285165848034769,0.017154352514817117,0.022406977490670776,0.022786044187004778,0.026181679074161163,0.031128642432147274,0.039250455327591346,0.04558045997372047,0.05619310253298891,0.06386165798988404,0.07295504370979565,0.08303620845256021,0.0902676380076631,0.09778090787888392,0.10651026460048803,0.11759468754065049,0.12681304804491575,0.13905419031673735,0.15146232191755093,0.16489658040520577,0.17861649113763414,0.18982062664051877,0.20043041813616846,0.2112123044999732,0.22236164199606856,0.23779017224790086,0.25115131315420924,0.2641930926391978,0.27555329820586216,0.2865129848789822,0.2984966632375453,0.30935725256139035,0.32300132092755823,0.3379999046279394,0.3477059035612564,0.35849812166821593,0.3725170881120077,0.3827013185482597,0.3921746962782943,0.40428366963796725,0.41642088761101026,0.43213433250351724,0.440341876926544,0.45298279537061303,0.46499598025919664,0.47498423132575285,0.4892332409020216,0.498051885290728,0.5143627402115508,0.5277162446451352,0.5379394886328503,0.552130492815323,0.5657095857374499,0.5789041948592485,0.590545705946571,0.5993241157428978,0.6096819584008205,0.6174481469713338,0.626831999154145,0.6402217042434151,0.6495192150836037,0.6579788990913416,0.6646533980548104,0.6743132743039413,0.6844606298970581,0.6993227848964813,0.7099622926635756,0.719981702443121,0.7293757585252113,0.735209671662939,0.7415868735862036,0.7517764072307431,0.758719937419761,0.7655922823430408,0.7722150880290638,0.7775752538683945,0.7844845854808351,0.7899215818825113,0.7981930251486842,0.8100877267104231,0.8193470801155504,0.8234209407341719,0.8289183059656415,0.8366456670490716,0.8425248320774363,0.8478441039623527,0.8524344772199731,0.8583350126518613,0.8637047239550809,0.8721693995761701,0.8787028413622557,0.8828488937307827,0.8881869863639063,0.8931104860565845,0.8971418574409852,0.9042146783577372,0.907905649078978,0.9108462624971795,0.9139666988575513,0.917748525868298,0.9210349385509295,0.9244959853040405,0.9289980347714982,0.9306332364067991,0.9323748652131624,0.9330553334601822,0.9347518380380824,0.9355817508219727,0.9396731028892183,0.9421227863877029,0.9422827184924605,0.9453456052168573,0.9476769064685624,0.9482137500541826,0.9520208086746139,0.9540636567445747,0.9560014315033865,0.9592371013243504,0.9591525316490211,0.9609769482839845,0.9632195033573268,0.9636521507987384,0.9648684514486771,0.9660685100614593,0.966080587139756,0.9688768463457648,0.9699359487191214,0.9705043664273991,0.9723848889622742,0.9719178813774829,0.9743178804834134,0.9751220610896584,0.976800894978947,0.9779331232951308,0.9792852161073832,0.9805808640634031,0.9817174332594368,0.9824485105180839,0.9818283046686184,0.9831868266573932,0.9829229365644586,0.9835198194203553,0.9838689549107659,0.9838877633381559,0.9848577578450719,0.9839293391781428,0.9840150087288567,0.9838663565540378,0.9840762535465836,0.9857237431434794,0.986899348136573,0.9879313902785135,0.9871231722041608,0.9881762709193925,0.9876996307860145,0.9885506412157441,0.9881234125881619,0.9894558538559226,0.9889736529569764,0.9901853193454769,0.9906992293240551,0.9909576624535574,0.9908876106047081,0.9909210226199133,0.9916120174443857,0.9914585527428712,0.9927481893477424,0.9921620139314674,0.9928307643928551,0.9929404410910129,0.993085484707418,0.9927216183948205,0.9924900402487131,0.9931340447446446,0.9934615250592647,0.9941979929250285,0.994067725472917,0.9939958858518746,0.9942450716147974,0.9943682062164101,0.9947750902125614,0.994577091528179,0.9947695512983041,0.995218979451656,0.9969449171519753,0.9971700402631207,0.9975667813042582,0.998246859572352,0.9985013683070483,0.9981047547268862,0.9978499987258606,0.9971360961686576,0.9981485531314983,0.9982123566028317,0.997793262777677,0.9981154078450134,0.9980282842600219,0.9975110088933847,0.9973336346009503,0.9966872329916817,0.9967668013244274,0.9960334625969487,0.9958625244818758,0.9957267603173025,0.9959487026519024,0.9957743212475473,0.9948535991716813,0.9943358717764755,0.9943146425265795,0.9938647599617331,0.992521232105924,0.9911595822365967,0.9910774152420999,0.9908546088648358,0.9905671813274929,0.9898154073647935,0.9887403728634914,0.9885338194120001,0.9896128633889183,0.9884058742882531,0.9883361926671838,0.9873440249556292,0.9864968731605941,0.9853699432221711,0.9849076747727775,0.9840946252084486,0.9829833795324604,0.982270704363479,0.9812249582124314,0.9798773541173988,0.9798690255055345,0.9795970287452559,0.9795960380684681,0.9804556661565461,0.9784331479894798,0.9771350149570412,0.9768157271530553,0.9768937068330396,0.976712569131488,0.9763201145126381,0.9754411063178731,0.9754944796015509,0.9743278352662529,0.9743106579318472,0.9734622992725418,0.9744390745559324,0.9743290167027955,0.9736798295665552,0.9724246292629911,0.9708242029804922,0.9710976652394635,0.9694568932273502,0.967211787621186,0.9666005355001028,0.9659631564563109,0.9647218499733794,0.9630083343310031,0.9621918244057345,0.9610527490894178,0.9595277375800766,0.9594772642052654,0.958763965990269,0.9576755941714994,0.9568235902709967,0.9569867021962222,0.9556234340742966,0.9520176154851303,0.9510262930229173,0.9495521441173623,0.9486249626976526,0.9479067871439536,0.9484893464089224,0.9485903423787898,0.9483528228729307,0.9473704165027705,0.9452876525812565,0.9452758406986913,0.9435603053540256,0.9453048219158249,0.9438036301004352,0.9422148324199155,0.9428873371286451,0.9426768794535537,0.9413532949141306,0.9410234521620554,0.9378956133192667,0.9373476885334092,0.9382548036881868,0.9369887544790411,0.9338418702204752,0.9311788497137197,0.9289831236537075,0.9242393254192109,0.9247161888212954,0.9228941489713062,0.9210392468670219,0.9173034511092899,0.9142812256865098,0.9140968236440729,0.9119571943786968,0.9095361072679996,0.9104602746765961,0.9096754601116236,0.9064304213935999,0.9064387237536711,0.9050246312653487,0.9043732772414633,0.9008273708823761,0.8981175456834151,0.8976690975089162,0.8983969462773612,0.8968841213367399,0.8971035950842562,0.8970102860390327,0.8967174607411912,0.8934951730101326,0.8934463351022742,0.8898945370388047,0.8875385689299249,0.8902958098319879,0.8863868966487962,0.883986836192765,0.87969019807154,0.8787770076613345,0.8770223106700277,0.8766652009389702,0.8751420319378769,0.8762164965194847,0.8741244283478068,0.8751364830834328,0.8702339360746888,0.8687500639296761,0.8673533363737009,0.8662195897657534,0.8642817890430238,0.8610712678633692,0.8602154315105548,0.8580627015005959,0.8553371792789292,0.8511093137054468,0.8487521924603582,0.847101698578606,0.8463854652612122,0.8440893605751641,0.839782627561307,0.8385349626835766,0.8346367292581692,0.8343561806133248,0.8299096524149726,0.8302258979619925,0.8293890900516028,0.8263686796099668,0.8272690764806863,0.8249657119441879,0.8231435176641432,0.8233437594671056,0.8230408084361708,0.8211587101932513,0.8229543325332341,0.8199377596280671,0.8171542491174546,0.8160563662751844,0.8168203979210461,0.8155951639570324,0.8163434225331084,0.8172748631566651,0.812389405715374,0.8128790243415764,0.8105026320516969,0.8071024308545016,0.8059974164325431,0.804781982444311,0.8042264749425888,0.8071079550425608,0.8024314316535632,0.8023865505164116,0.8023241364090259,0.8004337184414907,0.7944058613637744,0.7908595228177443,0.7902948865339986,0.7890972994790086,0.7862576509648312,0.7839724892079533,0.7850093322889367,0.7836676568578818,0.7845045141850241,0.7840338178521207,0.7815733914760031,0.7792367401828112,0.7772788459065406,0.7710262555686274,0.7688069679911136,0.7672914466825083,0.7660407801794603,0.7650335541348722,0.7664311254345142,0.7645065860071134,0.7608803888550068,0.7594080233116931,0.756679499135298,0.7556796216718229,0.7546596067885124,0.7531477413549593,0.7534360887575469,0.7522977911189855,0.7486204489459289,0.7497635522591813,0.7448876671172943,0.7433603243468955,0.7448053752958511,0.7461779837635211,0.7437185348910222,0.7400580794574823,0.7380817501549429,0.7396822980729065,0.7353044682464055,0.737316480501757,0.7386590243454814,0.7384188414176177,0.7377096723023037,0.734994826129866,0.734898152864254,0.7295017677265918,0.7232778562839973,0.7192050822605836,0.7235143731531348,0.7215336975711506,0.7197859317750208,0.7116787441847192,0.7072159119698539,0.7110674804019526,0.7097296754130111,0.7076436259682868,0.7041552724505138,0.7023284904067191,0.695815047729311,0.6908056208833824,0.6872469337560028,0.6831328664476406,0.6828766917066896,0.6798216159606908,0.6790598804726165,0.6796889529416866,0.6769200960430517,0.680261984086696,0.6805247359900171,0.680529186375313,0.6820293696443436,0.6802294759590649,0.6774686206187207,0.6732746887883347,0.6706022664708097,0.6676093274745727,0.6641013671816202,0.658175149957458,0.6597879503541698,0.6581792995441269,0.6545322530579177,0.6541657133718098,0.6537218049325851,0.6549440601479992,0.6494500338425584,0.6457088705382711,0.6424476900279094,0.6447920441688204,0.6415327680573569,0.6377313371897949,0.6354720126548996,0.6306822377945309,0.6299081904415124,0.6275880022403446,0.6268380937576857,0.6232568223696702,0.6197951050056181,0.6196782415430601,0.62115496266187,0.61645033496069,0.6144182971110684,0.6145079528125424,0.61289624002223,0.6156896548748566,0.6168989097785091,0.6179350702420694,0.6160589335018903,0.6155500205868139,0.6157638057816951,0.6218706395129509,0.6195951908606931,0.6136906482444578,0.6095121207974494,0.6098807205350042,0.6068232794720392,0.6059523681163368,0.6058486143643192,0.6042028376251609,0.601442594762666,0.5994120377091983,0.5995829094962724,0.5987901630212921,0.5993778969587211,0.6015193018959654,0.5995865974796913,0.5957917056165062,0.5897138409568372,0.5852831945788446,0.5801186945311664,0.5801303763845246,0.5766944854600108,0.5776238411075234,0.577304584641177,0.5757462889363478,0.5716281527488716,0.5714442941039386,0.5688600481340712,0.5711921587689939,0.5701503713099003,0.5711719571377224,0.5697138618498502,0.5656172547375763,0.5618924761873071,0.5614951738403277,0.5593600189356469,0.5575498130867216,0.5544022085076007,0.5539515817109781,0.5507912091384516,0.5464430321627556,0.5467642262263296,0.5446402449296898,0.5425036834232027,0.5380473512011087,0.5399871836960652,0.5409049826267425,0.5430378497308419,0.5428615098524331,0.5386912776955866,0.5404729633254267,0.5384172855599467,0.5404109868170704,0.5411920623232758,0.5401333297154808,0.5383864832789622,0.5353824596402315,0.5384775064077716,0.5388402774079527,0.5362000891794505,0.5385926093467974,0.5380654717781055,0.5391120526726012,0.5386566455956702,0.5375158698166992,0.5372446721192552,0.5361538902405102,0.5351636841980775,0.5380863355472623,0.5379877760783172,0.5333195825507097,0.531845700928171,0.5307422515821656,0.5315073285837013,0.5308825398185372,0.5268249588606021,0.5267788882723583,0.5277014947875209,0.5274134114786055,0.5329173559400512,0.5317417123767337,0.5288425607917593,0.5269458442193744,0.5268614054026078,0.5233476833741597,0.525438267559569,0.522863768800742,0.520404348476556,0.5208615735046787,0.5232543429353864,0.5227792709512176,0.5257233387101576,0.5250505039869059,0.52982356872642,0.52679459331511,0.5237591653726933,0.5232055154277233,0.5241050562144576,0.5244374097130655,0.5230426776618073,0.5189716816858136,0.5152213867701873,0.509662739634174,0.5099733171768557,0.5121942196892532,0.5096674485927436,0.5081550057995685,0.510229092400187,0.5103095590365224,0.5100285345492026,0.5064132950003934,0.5005103325969642,0.4988824336659399,0.5008826194879286,0.5010519679610167,0.49847761262332513,0.49673651236327454,0.49292608387537706,0.49011431376250686,0.4847836883404743,0.48396597160989113,0.4815856509204326,0.4806540338243142,0.48062883718934285,0.4827670710413933,0.48299360950104714,0.4772818809690451,0.4824903403015342,0.4781038956868122,0.4706568948554067,0.46778568433468437,0.46167365678449307,0.4604881401126198,0.4611389031163191,0.46115456412795836,0.46600402398606317,0.4618221072895438,0.4619335036176101,0.45688981068091994,0.4569925502328782,0.4572002559024446,0.45754740095993346,0.45237007254935035,0.4533231099489493,0.4505656130106005,0.4472746091813435,0.4462081652586559,0.44575935907363073,0.44057281682586324,0.44416295569522807,0.44155303369926263,0.44281110333817303,0.44289600132520546,0.4373491002606428,0.4385265684583542,0.4409904146396233,0.4433998387074175,0.44207228977611485,0.4384242445656048,0.4354063784144267,0.4343387126863854,0.4310360833723765,0.43120031125545977,0.43064309418823177,0.42873922738718895,0.4248631073889411,0.424955242100735,0.4298278879321854,0.424927129157257,0.42088482558608714,0.4215119691248206,0.4250661828728071,0.4181011170935748,0.41894234013812026,0.41492382977290676,0.40878201006509857,0.4076254485018348,0.40578152325590977,0.40693481552802907,0.4065948931695666,0.4039609117747909,0.40277119003684525,0.39882244663525124,0.39654395212860966,0.39579917155475475,0.3966539129404142,0.3949616230212136,0.39650873677662923,0.39261221047379613,0.3903616434818389,0.38877281451734014,0.38785069466456945,0.38708329350023785,0.3881359708444443,0.3912667986924582,0.3936829358938787,0.39198212374694313,0.39105289135493837,0.38812539868638174,0.3838078582501375,0.3820458858205238,0.3785631950055512,0.3751547896153843,0.37354090729819495,0.37362724662830227,0.36892042259892066,0.36636393959959995,0.36509305134682657,0.3661937339959926,0.36658622484204706,0.37161141916736895,0.37036724755588013,0.3688617688931185,0.37001325143158453,0.36920078939125933,0.36771088296325805,0.36750413086989975,0.3648748346918489,0.36099368243209917,0.3599912889302888,0.3545028837482091,0.3572425538735363,0.3586322851202294,0.35740639570584537,0.3574156102458682,0.35867876074884986,0.3551954538367119,0.35809275150158093,0.36161772105521384,0.360167479908427,0.35534390318855424,0.35476407860481096,0.3535094427833846,0.34969178549624613,0.3490833423862346,0.3478700498824847,0.3445826556535255,0.34253718847857084,0.3439861031995055,0.3433666178328766,0.34110512495398926,0.3386641934802531,0.3384121951536324,0.33977761413865715,0.3377567546355578,0.3405159719019385,0.3395977432799928,0.3316543847955305,0.3331276123964465,0.33183010867908613,0.32993154821028137,0.3318951040472793,0.32893112635313637,0.32783746783055917,0.3237141772073234,0.31921881071548536,0.3201474555223903,0.31988465584597414,0.32192084069377286,0.32123125520692347,0.32335534469501154,0.3250713727138669,0.32629237874156114,0.32242650422392377,0.3211250397953591,0.3212320498936283,0.32175803521853374,0.31996536693415667,0.322317412605723,0.32107061917466795,0.3191374015208869,0.31326932298812615,0.30993302437767956,0.3074853683900862,0.3120425429060482,0.30818091639559186,0.3066999825009308,0.30750762247455754,0.30482915770473756,0.30303648418672546,0.3050335323681871,0.30157506376957444,0.2990196992462111,0.30287277286646336,0.30412056502936136,0.3015099494054374,0.301264595328248,0.30042045157412506,0.3000148084174029,0.3033578276967269,0.2988197584571455,0.29890797290319115,0.2960441032115315,0.29431026131991256,0.2938406928664843,0.28703753947126087,0.285863862188958,0.283112514021864,0.2838739907176678,0.28508353802144065,0.2765637821658764,0.2759574606411164,0.277677104397766,0.2794252070920581,0.284162409015449,0.2820327644417,0.2787434847537922,0.2766559560959422,0.27719966564287507,0.27458674971584957,0.2734726346647666,0.2787241863703944,0.27620453971425185,0.27625668260718406,0.27485154239425635,0.26966516276968766,0.2648591421345152,0.27006416287398993,0.2704698570394671,0.2723484192506673,0.2700511522465728,0.2709505185618364,0.27384959396555597,0.2747735339752908,0.27947198055878175,0.2783989681455663,0.28092773567522833,0.27650570694133536,0.2774292764484525,0.2762402452927022,0.27422485425315046,0.270457620327448,0.27248918182156356,0.2773333020572797,0.2760157307885227,0.27237313228398236,0.26946380593523217,0.2649378455532052,0.26408490895098635,0.26537414225366107,0.26282103926184386,0.2592528003639364,0.2554214527658946,0.2572184741051276,0.25407004891208174,0.24417681112034034,0.24269635358199226,0.24535815277193898,0.24312016483592885,0.2444033815890094,0.24533449774072788,0.24303571036725652,0.24410631997768922,0.24284686440166703,0.23901761418636847,0.24318840260244348,0.23998383088657146,0.24234047107886553,0.24051606890921456,0.23805976292009584,0.23526639252428633,0.23496634373789071,0.2352712967030144,0.23663460736109915,0.24058266463328143,0.24339585632476973,0.24479380864143904,0.24260043514673696,0.24115833917215712,0.23871000160738678,0.24064169333380078,0.2440775572344888,0.23994019545130896,0.23509203135212706,0.23555917707611643,0.23526629796297815,0.2334609747008815,0.2307002914012021,0.22851738534722346,0.23190367862431882,0.22909998166576007,0.22686711501651022,0.22293442607036534,0.22056104402607632,0.21785740009855387,0.21891748335523728,0.2184957764464534,0.22313120864188404,0.2237329496029539,0.22359368910728164,0.22761144310875578,0.23112802802592852,0.22943678166055093,0.22836513236718267,0.23107624383675848,0.22856028056068756,0.23068605592414487,0.22981457378541575,0.22836578761663506,0.22388371081137323,0.22555923700892277,0.22081065198723987,0.2179678488672991,0.2166206877955892,0.2151426736841066,0.2175670260912967,0.22014347780996238,0.2212922151891837,0.22102975757557844,0.22206821016640665,0.21552145009882798,0.21406013994779335,0.2178388291835656,0.2141733361923531,0.2138997275162696,0.2115613447600032,0.20849464003868856,0.21190562943358582,0.21217589394045927,0.21290220815418143,0.21407627172815966,0.2142472543836567,0.2110107012412688,0.21048811253676855,0.20725430700618297,0.2061866916638836,0.20887439012920855,0.2118975432915055,0.20735985316616187,0.2010094798543866,0.20001595343869108,0.20412358787021848,0.20628722584095435,0.20623897973427963,0.2053729702964745,0.20561791614263228,0.19951201378754818,0.19764669983835928,0.20119181435425912,0.20651693032814572,0.20709814626736475,0.20631812884142348,0.2050528019009018,0.2048188138900125,0.2021979890644434,0.20435767713535033,0.20242813621983302,0.20091141542345584,0.20047702760692562,0.19424419641822133,0.19499765807115246,0.19296864640107778,0.19064985966370343,0.1899334652500246,0.18954892819219354,0.1920153125670871,0.1917746956747183,0.18778717249065394,0.18279980199982365,0.18200766814064773,0.18261622223875285,0.18061343443479289,0.18606422757164773,0.1833519805432411,0.18454065913495782,0.18615475435382028,0.18665770274421475,0.1912535867280691,0.18887751519233711,0.18642537408740986,0.18680421714373913,0.18371655406865792,0.18270040592762304,0.1856297913472129,0.18257260380843193,0.17803654983985995,0.17356887810862415,0.17212279841257824,0.1738451216749726,0.16967221900939344,0.167555917639486,0.16758375626755523,0.16733230956558232,0.17127780714938065,0.1705441778244015,0.1731944715425423,0.17806975530493127,0.1775648058114143,0.17768663850021743,0.18025036123627744,0.1776566352721527,0.17556699650504573,0.17832322178973772,0.18048124105558663,0.17883131382961226,0.18021632533060966,0.17726899247472716,0.17637491939534888,0.17620167324388858,0.17264103839346742,0.17221238643281014,0.17249831335866952,0.17166438644600154,0.17355281471454964,0.17452744021466085,0.17345269731257823
0.03427509573307079,0.03710256319725294,0.037645269209434756,0.038673735889959274,0.03855842820616369,0.038661302078145124,0.03916608795107604,0.03937053135041084,0.03852635003305438,0.03837822879684802,0.04075230508230321,0.03973802829971186,0.03855007062681669,0.03589521358156006,0.03720822630333624,0.034611401574981035,0.034352632014242324,0.03287995733153508,0.03358964404347349,0.03320569856164189,0.03063815278650729,0.03449899686186449,0.031409884243601235,0.0302991091150374,0.03141902599484528,0.030589315080642998,0.03272009430309236,0.03294170017609675,0.031183558779772594,0.029615964441338127,0.03145582217357214,0.033287868279739855,0.03359578756779277,0.03405264690076508,0.036039822298892826,0.03878455518064866,0.03709229963298988,0.039821678582515285,0.03967179902498634,0.035876924851935305,0.03605096527394812,0.03671905760432166,0.035051103106964146,0.03559467645409653,0.031533228438078834,0.03220151299821859,0.03554779311476264,0.036498803925487336,0.03634807827848675,0.0329787649147219,0.03322109885447411,0.030827759203556564,0.030470956558456525,0.03088962383552727,0.02874723554063617,0.025185924490792974,0.02385271699638901,0.020890475375621664,0.020596465753797116,0.02094625054552445,0.02026465359705778,0.0204796352663167,0.017392892342479302,0.020805517432035403,0.022142641555734754,0.02012335250458603,0.01895687352064413,0.01901440846300346,0.019866668679426817,0.018303820808988167,0.01686735943736524,0.017084799697272793,0.015267249728972913,0.01650256777921958,0.01567776587376303,0.015569695943015646,0.015842559212904166,0.014513452352390335,0.01563889319642612,0.015614866505857923,0.019609594332071163,0.018267861065405518,0.02003112751775115,0.01975295739840601,0.020549232261669027,0.020132080850059984,0.02239002838368538,0.023186648105312423,0.02200919473243247,0.02197852315062919,0.02266959668199566,0.022770952971937125,0.026033664271061047,0.02468746513903739,0.02553013020665526,0.024210376810052378,0.025755814496456433,0.029122585404042688,0.029611110609426117,0.032903396816414424,0.03370959921304752,0.035255615842461244,0.03618172070354721,0.03586166815512838,0.03742163264298194,0.03830571021210026,0.038601242478962156,0.03748343890643637,0.038432616043341764,0.03968203318312129,0.03888176419301878,0.03887117765677097,0.03951861435711312,0.04089398757241838,0.04140034748881489,0.04200845340630288,0.041291825960341935,0.040760910866568675,0.04207264545981294,0.04359412800674816,0.04447438419405358,0.045380133988085936,0.045192239467318554,0.04601221050661447,0.04768687493008738,0.0473161372412379,0.047977372085603175,0.04988521248531374,0.04972514448121588,0.04913989910455813,0.05035667068977391,0.04986727186185198,0.05054907035299475,0.05160443267312858,0.052844551091035676,0.052726492778143244,0.05230019711801097,0.053087362091369224,0.05380276240200136,0.05332901807393015,0.053138313291895854,0.05449897098619816,0.054451013357297726,0.05463277036037012,0.054303460209925804,0.05342234737694411,0.05371484741937718,0.05333921830022349,0.05350251113324947,0.05314230193973573,0.05282698700167388,0.053540345292034774,0.05337000134931638,0.05305530537186053,0.05288121559306243,0.05277710253646915,0.05418073691982328,0.0541599058331856,0.05439570138734795,0.05375918263448525,0.05464922347154306,0.05478468691753485,0.05574785259168257,0.05522008830745708,0.05584602913469879,0.05545509757904669,0.05613921311425063,0.056008349078968386,0.05609169899185365,0.05597806292848236,0.05644966760330306,0.05666756656177227,0.056556413997388776,0.057266468574181766,0.05678212931808284,0.05726758951638152,0.05753088433047494,0.05770784449759586,0.057323636166990106,0.05728897954840246,0.057658005580799546,0.058190946427843386,0.05878014746321284,0.058515767476706754,0.05859732299594795,0.05880223912063659,0.05875392897747902,0.05918485079251756,0.0588406648336044,0.05923715904108369,0.05965034547063321,0.06095375294024483,0.06082869369892039,0.06105012521069756,0.06158478429203071,0.06173229060314628,0.061512840122483974,0.06126984969225252,0.0608291588296122,0.06152369935903533,0.0615223057068586,0.06125791770850775,0.06157197398165971,0.061524251148096926,0.06118736074698172,0.0610730488446948,0.06051489354355341,0.06079483053788125,0.060306828704331045,0.06019924538975559,0.060100375999295866,0.060528292982777156,0.06042254649322456,0.05980222119810965,0.05943240781313038,0.05963398097355518,0.05939907933554045,0.05912168978275208,0.05885709292771088,0.05874436081581215,0.05795663345478659,0.05813902471824434,0.056824500803204,0.05571802903223668,0.05532992252784368,0.056446969508920475,0.056104458292511004,0.056153423686435056,0.05610351670902216,0.05567236176920018,0.05568486024570532,0.05560555137145886,0.05528963116165018,0.05431316229772547,0.05459774589606968,0.05477131329497334,0.05459857686096816,0.054763011622322645,0.05477235435130057,0.05464200531514575,0.05451019473511927,0.05450341393193556,0.05361326508758577,0.054113824045822635,0.054666343273888224,0.05497274094609178,0.054499700223469776,0.053557788693827296,0.05267947135527208,0.05314498918376633,0.05387324863450381,0.05341956885229271,0.05325407744467752,0.052879963424897466,0.05234341072839021,0.05167850000286617,0.05179130130145839,0.051360937155355155,0.05140433218313285,0.05116923175265595,0.051443829224466185,0.05148942511772317,0.051477461733292734,0.052529895698247564,0.05017540499724863,0.04990598472705766,0.04929961552196489,0.049750718453710124,0.04919203873544717,0.050292561927879884,0.0499124608451276,0.048896744418732624,0.04808699545609305,0.047152747354326285,0.04807175008006408,0.046054152828450004,0.0464202078205769,0.04644792788719107,0.04651554775319168,0.04643910753542222,0.04782951796576378,0.047729073858528134,0.04646703223773551,0.04603779974312128,0.0459381913995556,0.046121673314684156,0.04650787909923724,0.047447463965948164,0.04848332760741679,0.046553149595878224,0.04713986733082989,0.046060921660484366,0.046302889040851176,0.04456755255648828,0.0451254765196981,0.044418087449201366,0.04297419083507914,0.041709910084770194,0.04147252332167095,0.04046136278213194,0.040719963509605495,0.04113741073843294,0.040929452007354275,0.04077962715000667,0.04047737654748941,0.04062936340845162,0.04062352428600414,0.041333440512076526,0.04130275925853216,0.041546537957720134,0.04050276733836758,0.040074620332472416,0.03975166725639192,0.03983772379250097,0.040270458465656654,0.03903095691339872,0.03943917538783153,0.03947872548156467,0.03752880060826064,0.03710231310270513,0.038264114285672966,0.03845032359458446,0.0376362794908124,0.03683224476868792,0.03799309800538475,0.035335998015977185,0.032981163496925786,0.03230443289588738,0.031817877327150586,0.029832576507679072,0.02974588137256108,0.030993006600725743,0.03184449266804515,0.033066890806688454,0.03149578116261002,0.03337568687474936,0.032396432887127936,0.031885436575295495,0.03138612009313313,0.03020305001884488,0.033154654752952345,0.03376561152597449,0.032617747236435894,0.03436733206107743,0.037269790350071046,0.035644140656685405,0.034178210419115326,0.036351292762051346,0.037716274659432746,0.03878377588405339,0.0404916838319969,0.04098228182007091,0.03879926693480262,0.039366931139956214,0.039936700830757337,0.0407629403592813,0.038937854563156724,0.03862429611591734,0.03536293333774087,0.035046597445034265,0.03487911786407334,0.03413419058611294,0.035893783237861354,0.03427425938539086,0.0364068813618528,0.03608692201617852,0.03466266022871727,0.03100285670779781,0.029667200125971564,0.03176201514604247,0.033016793711970895,0.03425928059606068,0.03695112413018492,0.035301748713442424,0.0365209144174484,0.03623745692075522,0.035275236260155815,0.03668931874070379,0.034260874163393226,0.035566501506260575,0.03669578084683696,0.03456737374131213,0.03380719233137911,0.03602844377552062,0.03700062914044057,0.037751921354051726,0.036889800119542765,0.03730765265416141,0.03482755508961568,0.032972269814755026,0.03040724848120832,0.031100329767774965,0.032905940311440576,0.030705760009258266,0.031237021021220487,0.03173219431494801,0.030905269501515592,0.030709563355428272,0.03150747251165846,0.03303579262511027,0.035791704281998515,0.038822725738497814,0.03867637025337747,0.040427125088480384,0.039274988706757025,0.039353118237002264,0.03861374606157012,0.04004151242337295,0.04106133856023357,0.03827157806801642,0.034447691235864664,0.037822781703397014,0.03774466445603847,0.03945961777701557,0.036900289733977826,0.038573530376746115,0.04037540784496792,0.039357179628794835,0.04373958310098515,0.04094954514813092,0.04258070012743949,0.042402073962288796,0.04086300369118495,0.03968638096193325,0.03908132986599293,0.0386830514907069,0.041059338991796035,0.04018046499103388,0.04189593644501233,0.04444317362062878,0.04336266362798476,0.04429085270440964,0.046221473303108,0.045595628506648646,0.04815203331081301,0.05067793509806917,0.05029410575208765,0.04926092579731992,0.05032191948982568,0.048434564886665726,0.04887892951125226,0.04889308359938328,0.047735435927082286,0.04907985317577069,0.0513978100087159,0.050872496662961175,0.050644978840232766,0.04940382618696019,0.04555432146894152,0.044976717759613816,0.043932173375761246,0.04302562429037675,0.04572746183966374,0.046812837889050926,0.04743949343897648,0.04702984186318589,0.04548782287428152,0.04722728941938786,0.04571836542254269,0.044378115916481886,0.04519724450626092,0.04800920008266622,0.04603634218746351,0.04835528726936227,0.04544891774266756,0.04699065660208774,0.045121786942780975,0.044072965386862936,0.0443775237297111,0.044155383958832645,0.04244692567104243,0.04409322428306972,0.042071130932882145,0.04376676737032631,0.043058030255304205,0.042145376457432035,0.041450595288086506,0.04374226628031787,0.048198390003614755,0.05150926417867313,0.051597930347574136,0.051551184379520956,0.04755309468074864,0.04977510148777459,0.05047879693430504,0.04657320713620383,0.04678810173203894,0.04645631029708945,0.04562674853771079,0.04658218503238537,0.04557453361808825,0.04628348594045788,0.045718993487381815,0.04214345258899896,0.040616937400085124,0.04234630254764704,0.04401388876901266,0.04438516860032084,0.04633289412339511,0.04566705962493049,0.04277403266749848,0.04620287253697884,0.04710397443493952,0.046462989506385374,0.045426115826411775,0.04408522776294886,0.04536340741297579,0.048112286704645124,0.04912416304964899,0.04932517977383136,0.052444458543355235,0.0522871732294945,0.05269298333760562,0.04786626412826578,0.0462361327670555,0.046649018170542456,0.04757903698214301,0.04690725696693232,0.047338064160164825,0.048572706481725805,0.048826253121353066,0.046082187577614356,0.04539118178953791,0.04791084606390779,0.04861582799846556,0.050122517950686354,0.05214246073470785,0.05195192879044487,0.05328675127119825,0.049794663878065595,0.04963455164771553,0.052903442685918955,0.04608585989611787,0.04772341169673329,0.047504361823075825,0.04604191448890643,0.048919759812166466,0.04530253550915468,0.04705880011260502,0.048431328477664584,0.05036714215641831,0.051039384197472615,0.048793201495011915,0.05036738328000652,0.04871370439929208,0.05242604192454818,0.050832022473321206,0.05313422054511799,0.0534400732040413,0.050379077457485794,0.0520079371990919,0.05291553679332188,0.04912355361246143,0.04998330575081521,0.04859719747572497,0.05420509250147648,0.052433276498478856,0.053405175903212934,0.05495664881494615,0.05212589425899791,0.054102407816453396,0.05002412842242805,0.05019238821706046,0.05207105397511311,0.05312536215219443,0.05407321569143979,0.05635262597017959,0.05576830782836842,0.05364410677478042,0.05705499478072036,0.058255007544476975,0.05885429255573668,0.06103357308189446,0.06310864985251628,0.06587369722873145,0.06931006188950184,0.0727748151606507,0.07455204372009676,0.07273290470409821,0.07282504011697498,0.07550908527193863,0.07165366387884758,0.07166695271290509,0.07008895665901864,0.0719338050749296,0.07689853003151519,0.07630520665254183,0.07409190421284208,0.07322175603636129,0.07532541244973023,0.07326546725949298,0.07145593296224212,0.07248415423949159,0.07587539029261826,0.07845242983415458,0.08251061495698486,0.08421465320825547,0.08238255370859032,0.07691846713476773,0.07657634014409857,0.07593313156701123,0.07412870438381867,0.07477366744368634,0.07833838514887423,0.0795071802402803,0.08098916709885691,0.0804092106105593,0.07782450566796303,0.07906338970949006,0.07839641486708432,0.07883183615786116,0.07713504930521438,0.07515666019315029,0.0746745465695114,0.07489410354520105,0.07719492435595932,0.07821172286073365,0.07704815517752195,0.0807346648763603,0.08461363668186785,0.0848024496531097,0.08229744186177419,0.08274178505476781,0.07972231256245424,0.07927092579148914,0.08124900291371799,0.07927515408743188,0.07682240629029655,0.07814994282755067,0.07719061493876121,0.07594655754466213,0.08058490260848243,0.07913181373526254,0.07780366316035973,0.0786358329463811,0.07428435337948679,0.073556232038045,0.0713445736743708,0.0756487802102116,0.07229271872285292,0.06831711276421526,0.06568450003479032,0.0639088532265786,0.06480987699147192,0.06426466236978101,0.07096095743171109,0.06892482266830212,0.06832765758778947,0.07328913282491027,0.07364897663025001,0.07494200436564853,0.07281383338025992,0.06783855358996882,0.06923354591859955,0.06757459566390962,0.06760975737520068,0.06788609511087981,0.06918312802850231,0.06748690862646045,0.07084767405644629,0.0707204677068283,0.06715363814944432,0.06857584941661113,0.06908095680959304,0.06994092340812855,0.06569103959602966,0.06516139845093727,0.06567080550717896,0.06625100252379597,0.06493420049490502,0.0712849671060657,0.07120655457817633,0.06987710677090243,0.07077385715275519,0.07595831209803065,0.0763124775265363,0.07600063807783503,0.07508656463046474,0.07581871093631969,0.08098173489730542,0.07987287248169797,0.07768485158079845,0.07696768655219487,0.07592950318902492,0.07572036725811955,0.0789576115125939,0.07886251964187473,0.07929521753124162,0.07769738107683731,0.07771320602534143,0.07738363273365773,0.07679823925160378,0.07892780823216525,0.0776803085175153,0.07481351242753881,0.07161800399837116,0.0675090214330419,0.06862473238257549,0.06594090108126965,0.066569574485462,0.07026908784652697,0.0698511402671253,0.07069062256654121,0.06747257996374967,0.06717301111368706,0.06804100063799862,0.06961752086393054,0.07085138492261102,0.07793554365624827,0.08047421905666528,0.08306395910140338,0.0832273354306194,0.08394083080589458,0.08242779495063797,0.08076388380706792,0.07891674008560072,0.07969448803363767,0.08067601027089086,0.08118414085202212,0.08026149414963152,0.07505625664690235,0.07689533340952663,0.07813365398379626,0.08010262473926116,0.08110038844043903,0.07991990221014875,0.08058191965862223,0.08134156970478935,0.08141624661162525,0.07999007809175684,0.0849291980606191,0.08926004059240307,0.08806376220044507,0.08609018604517599,0.0878921781927351,0.08970143325213076,0.08794942975399261,0.08909667527200987,0.0914034601393383,0.08651026558355215,0.08721479376887191,0.08992367800381595,0.09151952957979592,0.09464533512770769,0.09144467969868733,0.09225838756341029,0.08969957083606551,0.08764455325543953,0.08786186024637271,0.08709930199230631,0.0876574623841654,0.08648713136248226,0.08428272634622427,0.08575154459462235,0.08256680441016713,0.08343235687045158,0.08344938206871345,0.08554168363175653,0.08818765005704671,0.08794689047079225,0.08511632740334475,0.08404708894273667,0.08581415104624245,0.08354642631258014,0.08699392358048172,0.08763054423037313,0.086871071649767,0.08708624944726169,0.08417655762889117,0.08296148895636887,0.08042887585269079,0.07847780208068364,0.07952807630278126,0.07321362625684567,0.07388902028884303,0.0778764971450859,0.08168368042598483,0.08523200132349353,0.08724633218996072,0.08843858881873776,0.08734266525693324,0.08759823910928513,0.08785279975813298,0.09180112740168675,0.09044860166431067,0.09053676986569187,0.08879203230533865,0.08455288709413332,0.08376920729130838,0.08521741275981262,0.0842633880958598,0.08390267499697471,0.08298842682378627,0.08420928706530999,0.08303842711085443,0.08471658382001183,0.08721919214112779,0.08378011608550606,0.08494066066085046,0.0879680455276621,0.08705155552412537,0.09282551311464102,0.09230789048422698,0.09442379725686859,0.09400479020618752,0.0928749879236516,0.09223902451365083,0.09731334726642175,0.09862643691089441,0.09454020509126705,0.09333867548506743,0.09452978320094611,0.09364940559719791,0.09315258613340359,0.09288543816618837,0.09623485411257895,0.09793271404554846,0.09866842433484208,0.10005642044101659,0.09842849663993627,0.09804943145157674,0.09961705218198615,0.10322129183470895,0.10043888468826971,0.10075614783971047,0.09977345228971275,0.10243826823430979,0.10347347674106196,0.10299714741380694,0.10464163173209651,0.1086179737256365,0.10763400439948193,0.1052904987452406,0.10233680973694372,0.10289045809282993,0.1066077808484814,0.10136233435826085,0.10159118911372053,0.09807838632095903,0.09813199174731821,0.0954845395693294,0.09303095089050639,0.09124726979010522,0.09177143470487428,0.09351435357693433,0.09538713447716032,0.0926378564104591,0.0905025129635352,0.09457229203247686,0.0975572326805691,0.09855672767524706,0.09768973254685495,0.09774378009063336,0.09924389355572114,0.10128370007730947,0.10595676818232572,0.1092173231660788,0.10823405970423675,0.10723487449851118,0.10724914049618017,0.10607469303537187,0.10477495122590888,0.10556567548057072,0.10734884958263063,0.10305930899828655,0.10303997498889736,0.1052445669271613,0.10485565010012088,0.10339912171273552,0.10207653787917403,0.10032971965851126,0.10218987054994302,0.10306524186383134,0.10710195848604884,0.10922191589388155,0.10513417554189697,0.1053275617559235,0.1058688590854735,0.10246692286657136,0.0969611678638119,0.10468293380519608,0.10337680600093524,0.10636904801363967,0.10931772778587129,0.11041651122457354,0.11104197825359627,0.10888587815439907,0.113065623759007,0.10999700139352783,0.11120215682072362,0.10738595993181,0.11300063204137634,0.11572356055102512,0.11824288854322015,0.11983969539984601,0.11937266191161328,0.11548812580001733,0.11345159824932494,0.11616112842564522,0.11774283010422648,0.11598205955282387,0.11584028239364966,0.11827501699831064,0.1143301198911233,0.11377016705199847,0.11157392429197335,0.11116130679896769,0.11368560902818228,0.11736488542957549,0.1157518934614597,0.1174134662285945,0.12098750874583478,0.11856010394353647,0.11728541851632451,0.1181756035253019,0.11801548299640513,0.11889579029507419,0.11608478757650315,0.11679096227839961,0.11711690859364712,0.11447303124325942,0.11601806165986506,0.11907666786873006,0.1182395159917124,0.11777503917488866,0.1179004252610584,0.1205209300788519,0.12015363879484359,0.1182289752534399,0.12008390204003613,0.11829401633255016,0.11768230387808451,0.11597221099892605,0.11630534709851367,0.11568544785640408,0.11972592312108987,0.12253805171351137,0.11807376359934638,0.1194321353046402,0.12122762832679354,0.11952287178370863,0.12512030905244909,0.12561681970029387,0.12239156318070527,0.12131448449938706,0.12236224879423035,0.12511037397293076,0.12388116174450586,0.11969269062256549,0.11353413004231885,0.11706598446804095,0.11328842048712137,0.11045129849207913,0.10951081640968477,0.10711609888884349,0.10589555250110153,0.10931005437847924,0.11038255480792042,0.11258781866332321,0.10896009970245063,0.11298825167812551,0.11503658886306731,0.11530816479804665,0.11485887449919499,0.11571602900315811,0.11168583553141234,0.10921440503575955,0.11114193267622069,0.11602738848213168,0.11596548874737253,0.11456082518837327,0.11434816927252009,0.11733394884456186,0.11532909537172353,0.1169901959647611,0.11672333493384549,0.11825719422574471,0.11960827513016817,0.12092928970272498,0.1183155403919264,0.11604909352603487,0.11585505329912393,0.11861598837205664,0.11811943879467879,0.11671225457774195,0.11998577945432037,0.11797689152748961,0.11970750840114561,0.1225739820261984,0.12309590963033532,0.12597309222469155,0.12723994651221046,0.1276699346618481,0.12782095186447526,0.12947738293786779,0.13531695642171657,0.13640578834341935,0.13690553775046557,0.13901563563872854,0.14097812656828737
0.018991979904262768,0.018878678684254357,0.01897542516840013,0.020029412249357614,0.021051265692794766,0.022103473570010412,0.021320652354302555,0.02012113207729911,0.021638686860506157,0.020994146759275426,0.02013558927741478,0.017715484875983845,0.018484574126187703,0.017558409752076884,0.013179170809870772,0.00944768007761869,0.009761829851677076,0.0070813073608828325,0.006669076729696841,0.006745422235881621,0.006925425679734282,0.00571095776238284,0.006268062282339129,0.008332926855744743,0.013071487815592073,0.015501817944117077,0.018067039323819645,0.017478644060325357,0.016004112630070233,0.02120315263765235,0.018799980724732226,0.02099192153460716,0.0260775638972377,0.0261698041531693,0.023935252032170853,0.027290501226810232,0.025077973044654242,0.02077513170070809,0.02110068810642439,0.020114903490322467,0.017877012288762248,0.016548573723762103,0.01805897047684686,0.015708463132268632,0.014527014170453531,0.013308727356288061,0.013426153814225378,0.014623572314104438,0.01507042459565791,0.015486174675777703,0.01626131115900495,0.015285936607332115,0.015312282048860426,0.01381533691390896,0.01395337012718964,0.01660193210779709,0.014296149541927303,0.013369885315868926,0.015163733236685129,0.01620801824359179,0.01607069668516528,0.013267236843807123,0.012229702496859243,0.012403271611924074,0.012456821032126308,0.014010294610567423,0.013526804360078123,0.010587894799416159,0.010986042941499144,0.012302927869505723,0.012675702897577218,0.012652181640072951,0.012479238510665652,0.012484166515605591,0.009403560115948631,0.008077477529370325,0.010354342682981549,0.003933215311469951,0.006051662237704453,0.008672139439207915,0.00988567647212487,0.009797655574929912,0.011463690908654421,0.013031538038226043,0.012981348160870702,0.011886518608519282,0.0131435403221246,0.012563398864012545,0.01384266582887949,0.01683462277189851,0.017084392086079418,0.017286250197214706,0.016309586912955573,0.01870174170042814,0.01957368613522012,0.02410384375963691,0.026272399869282988,0.02772311109382586,0.027676624084315947,0.029061858224627042,0.028972035464516092,0.027987553309677178,0.02962798715270793,0.03102619675209834,0.032049610496752444,0.033021255766325204,0.03376616156167255,0.033315454763914475,0.035822673298286076,0.03611665200926251,0.03836659404378356,0.0375233976008179,0.03709535781949757,0.03798019244951424,0.03706698235882701,0.03702586797992859,0.03711505760748407,0.0374484225041988,0.037198835343565134,0.03886664819586156,0.04018014460906702,0.04101428572259455,0.041520464613037385,0.042550558031888126,0.04363801456591405,0.04348714008717593,0.04393866982862876,0.045267895659362935,0.04539356489398594,0.04665858557469457,0.04782657110343014,0.04810125978948346,0.04824173323913979,0.049074211973831744,0.049789093489651826,0.050537520531948016,0.049231350857887796,0.04993238412004028,0.050022367727620476,0.050293461075610515,0.05046560613026063,0.05168774137452453,0.05219857182116573,0.05272345903389728,0.05353290585962329,0.05320538716820191,0.053654671083289356,0.05275016871239509,0.05377394919918351,0.054308924322217275,0.053652414387676046,0.05417385508193659,0.053605924461070584,0.05369020813079708,0.054304160142040786,0.05450090566420107,0.05540516431773492,0.05555391974908567,0.05554811678211701,0.05564804814185138,0.056500692622769466,0.055567605747921786,0.0561772267346208,0.05621006452404196,0.05714780658684384,0.056792019728534406,0.05717907144087299,0.05760528725061302,0.05717799394917151,0.05689613020563802,0.05720103043337284,0.05718189324933358,0.05681520037282648,0.057625938439668734,0.05689271896347324,0.057383786462125164,0.05745483282802604,0.05759803364628245,0.0569170877127613,0.05664488018834395,0.0571315892778375,0.05736633746983625,0.057901324861701964,0.05773629377889226,0.057480532178591844,0.05783984240804638,0.05791796528773903,0.05828098140160918,0.05792710773267269,0.05831669232212193,0.0586411209909691,0.06016086522535117,0.06024646982240925,0.06063256879771401,0.0612663362855033,0.06143180851555694,0.06106627130716191,0.06080021541230668,0.060110451492249584,0.06119459708456378,0.06136998739200239,0.061132518091515556,0.06139321645352429,0.06129020564911464,0.060894079151828234,0.06070493829554303,0.06018876951962003,0.06037117059745529,0.05984144799999001,0.0598566983775536,0.060059231916426634,0.06020474626305804,0.05979873931862661,0.05911444799666954,0.058685331606843576,0.05861030108593641,0.058254586016748475,0.057564539748808694,0.05672451711864588,0.056828445792935584,0.05692978555963773,0.05671700075869616,0.0563024487274168,0.0556578547733113,0.05524274728645927,0.05592755361096244,0.05552123300894074,0.05522436539092928,0.05496610954284051,0.055007887727267224,0.054706213428662186,0.05450930963505782,0.05364657072529368,0.053206558950626016,0.05315650102433384,0.05247536011311945,0.05259999142712772,0.05287083476853577,0.05266974846815775,0.05195197603106273,0.051949508570232956,0.051544679245530994,0.05085332982424125,0.05097036387092159,0.05053294383093605,0.05035144436501635,0.05011006437885858,0.049953545056123344,0.0498482085205096,0.049875156038587345,0.04964267461928313,0.048905548525781745,0.04947851488874273,0.05024176226682982,0.04964018605196695,0.04942699888223548,0.04950044399668077,0.048132561209566674,0.04696359110387213,0.04649488635494955,0.046445709032352955,0.046010736979416905,0.0463822621964852,0.04662010625820356,0.04808959671931666,0.047244033713378375,0.04648389687893661,0.046753591162506145,0.047185401080199106,0.046171551743526135,0.04649846591926328,0.04605399900401026,0.04710609599336356,0.045902123070017585,0.04525347239084139,0.0429305243521077,0.044404408890062134,0.04363619152516918,0.04494584454876896,0.04656929416529489,0.04631228976460451,0.04728649110487461,0.04756086245575004,0.04554177778518245,0.04510689195656578,0.04596573382039598,0.0466866667290474,0.04606541979952152,0.04667989710275955,0.046727864598765295,0.045053804820249094,0.04591894191956644,0.04517261638934495,0.04436705085156681,0.043609215592597075,0.04232054491602106,0.042560972349589526,0.041047978979827454,0.041495272050544416,0.04106026226928604,0.04110898984160928,0.043057527777794424,0.041500317764798775,0.040490064624043906,0.04248783663930751,0.04238555520284527,0.04035325273063056,0.03971157962993181,0.03997852797715733,0.03992040359152093,0.04113232689369385,0.041408127565115055,0.041366285368310766,0.041030412106095995,0.04443393396519063,0.04646272982550046,0.04622334852207731,0.04684064457382971,0.0461292051665093,0.04663503049668444,0.04436794087893049,0.04305530903841388,0.04170458478433232,0.0425970488681477,0.04357359263586019,0.04220011641134925,0.040913059485738944,0.04132824561258669,0.040364085992958175,0.0371180945307556,0.038155492654099225,0.03785090279697623,0.03748279008183746,0.037723715658811996,0.03746293818347838,0.037023331251409206,0.03827065041165246,0.038659521150511154,0.04000200864955817,0.03883495448840578,0.041241288929827875,0.041084771754915504,0.03887224139225322,0.040486948963042835,0.041323071602535795,0.04162542707231235,0.039764138380416016,0.040462318710166,0.038555352225870275,0.038623202330758756,0.038434577904166295,0.03869722341974849,0.03817434002602315,0.037998365544351265,0.03765488261449412,0.03754907580092601,0.041112869672348396,0.04119539297237655,0.04057484976090053,0.041037454734637956,0.04120684581138609,0.040800656266273126,0.041021643222630175,0.03824740033581763,0.038755028874171,0.039471931694792954,0.039304228211108475,0.03774825125019529,0.03451399103664915,0.03439982583395056,0.03447947876087912,0.032342387908629325,0.03250018484148852,0.03056350689345065,0.030753076035318315,0.03064909043224865,0.028978138310215243,0.029957614286074893,0.03281262747553865,0.03408074170864246,0.03386690668517281,0.034373690785721236,0.03473574683183313,0.03819738289443683,0.037608791353784914,0.0384908250188981,0.03844375129447889,0.03734157313963235,0.03663575283714658,0.03656834892434822,0.037964831285876494,0.03818554856666126,0.03720742046829971,0.037588784510476286,0.034210074380739995,0.034362351715691845,0.03187575662144532,0.03205428695339776,0.03198298213995767,0.03125868107796762,0.0320464204975773,0.034756027317603716,0.029840511610481325,0.02907599311310445,0.028134642206223963,0.027433851132217753,0.02480765112158207,0.025413074384393698,0.026210473602033865,0.02663438975854044,0.02744787988782181,0.026346859362692147,0.027042634381145132,0.025266724474859066,0.024869994812575145,0.02689294559841622,0.024476154893733948,0.022606083273592578,0.022285976693224872,0.02211201341539861,0.02175906007671318,0.020386787393122024,0.021059671303899907,0.02171051863793392,0.019555324781249515,0.01848333344077338,0.018088873455602714,0.018897424639339834,0.018039056993689087,0.01973187281820945,0.0198241596135265,0.022498845711512845,0.023027682792631676,0.020488653076306415,0.014628774182689826,0.014407507207550456,0.012701173142065411,0.01385826288298423,0.015089538274265485,0.017907694219343732,0.02073146200181363,0.02428039305266743,0.02553056980031948,0.024143521952367533,0.025545200883886898,0.025994421095858478,0.025833082355202618,0.030795514970291066,0.030305542920598734,0.0287831638998415,0.027915237240792375,0.027774365806631993,0.03123285129333566,0.02880810407973572,0.02880780595725531,0.0284267203867289,0.027990608033449826,0.030475608728377623,0.030199315106591934,0.03182672541261556,0.030511404564751987,0.030932337433744864,0.030225071807779606,0.02800071573687568,0.02944334946245023,0.027484395896760168,0.02976152228669989,0.03345746845580705,0.03555574325990776,0.03604724729948389,0.03649387971237955,0.03607332628310588,0.03878368618460691,0.04030276126127857,0.04138363513317175,0.03929349712298704,0.040865386540070325,0.04312460984285376,0.0408922687289963,0.039262407714233706,0.03859444337762013,0.03621294392204926,0.0332152367352327,0.03535845802750661,0.03636491507576934,0.03482568130078641,0.032288873032760915,0.0316810598670521,0.030493437909454482,0.027838999996902973,0.023797876644641273,0.024130398852235738,0.024459189693388103,0.024177059706176778,0.023018274432040832,0.023188905845665478,0.024102807255189436,0.02869187552735772,0.027278755484593104,0.027504712666102805,0.02908212496287186,0.02533602186495683,0.02861042725054741,0.026486282049535584,0.025676532639413274,0.026742445365436317,0.03195663133327596,0.02903603333598137,0.026736910991018957,0.026241073421642093,0.023255863361214435,0.022964745529764324,0.02189578924845692,0.0226444149458776,0.02319787014359484,0.023141583752791392,0.02548609252496073,0.024731197657716378,0.026986534829376574,0.024622124433850992,0.024331484835072165,0.027045088927369246,0.027884282811620448,0.026986365014999278,0.025900584982781513,0.02295292211875055,0.021087680483264426,0.02067117709710549,0.017047983869652186,0.02106634986093657,0.023327227526014932,0.02564282434826022,0.02378086477605361,0.023258892592259633,0.02472778621510835,0.025151918195783787,0.02730506222666934,0.021924639930431547,0.02093164462520926,0.022077239447694533,0.0226138451335703,0.022277401347430226,0.02496003933621163,0.028887819621140273,0.03324336288617327,0.03675863914682115,0.033474701076062985,0.0315696973411763,0.030908482097055864,0.030451076059719917,0.030852331240385666,0.03252809931086763,0.03254641340530043,0.030291161693549784,0.028213182314411014,0.03213524215287249,0.033017415742336076,0.036426719874920244,0.03331737262884575,0.029602054847542122,0.03113058945065078,0.030885831634892724,0.029161090470432388,0.026421634766115643,0.022677002396919735,0.020204634522032153,0.0205290608056619,0.022756086963120536,0.024205364116046,0.025986892005890785,0.027172451136427314,0.025439814393105442,0.024839815269972185,0.0241014559091781,0.02174420053993094,0.02428695641423398,0.023691851803598812,0.025063299236376735,0.021165419850354916,0.024517486257744775,0.028283121343378154,0.027762699485994358,0.029753770197629828,0.03158582057679335,0.033066082057508425,0.028859890713891112,0.026472163353605457,0.025518122156013665,0.022144225152609998,0.02554961855754681,0.02834522468967965,0.03157120968448485,0.0362474386201901,0.0340350611549851,0.028161696456525206,0.031075367933574835,0.030953134792934697,0.032788195720413665,0.03232300416273558,0.029850803456718478,0.0324722224553301,0.03646764276041908,0.03958370358892836,0.04343966801893785,0.04119995180123483,0.03915115071690539,0.038441968135521226,0.03925190347126152,0.04195632030775347,0.03693117918421307,0.03612020738665035,0.03379462960959398,0.03615083567066449,0.03297023864574726,0.03596120538578883,0.03412546995172566,0.03608535060973363,0.036487350285174566,0.0387382374795435,0.04008011701204518,0.0386588953027739,0.036260508031689134,0.03607812430408014,0.033619835263484873,0.034976348330139864,0.03581713598186356,0.037501817170105325,0.03350553582846487,0.032206023810183976,0.03263415909407251,0.027744466887304864,0.027048407700883403,0.02392361836117564,0.02360204389365729,0.01696427079325992,0.01634585422888704,0.019881921718671064,0.01904354082706436,0.016724406327417743,0.017861311851452774,0.020270490587199708,0.019283821735170265,0.017986164233115554,0.021437370100591616,0.01909451413477678,0.019051661117033283,0.018062727430681727,0.020701206929930077,0.021794587633000115,0.02108895784465223,0.023705689050606313,0.02540121667130857,0.02379715568055238,0.02375073891397668,0.024995754646313872,0.027163924142028534,0.02378411826947939,0.021677680855687123,0.02171907383128291,0.02079570241243031,0.019186687778771264,0.02079794279773707,0.01907665135000801,0.01876452490248126,0.0203403739630839,0.02356140774508443,0.022637520319619048,0.02368876050460815,0.023655743329835666,0.02594848574852375,0.02338555550943318,0.0279157183244981,0.026043591033573704,0.023755268239277608,0.024010553790375436,0.021780407549821468,0.020326317817122505,0.020169645867124136,0.022052957987944447,0.02193761523046933,0.0214761067664804,0.024953700894643133,0.025251518786172975,0.0330014006598458,0.030811682510221802,0.030562999949178507,0.027642554247155685,0.028568072573012984,0.02996888774093656,0.027867429924195983,0.02920016107000714,0.029065468699431746,0.025918999705816972,0.026304623749870054,0.02796667148934809,0.03354903816220077,0.029187977311442695,0.029036696907011314,0.026916017071034637,0.03090253429344822,0.03126449282937091,0.033963747989222026,0.03380855993083359,0.031647827875349824,0.034141209335283126,0.03343164520234969,0.03886193637748778,0.0346129764125251,0.03273529508367619,0.035057255197387616,0.03430846942346301,0.03677928186299141,0.04142257156267469,0.04553405678599061,0.04569282118157034,0.045707384564683165,0.04611506745861797,0.04932917275171497,0.046506227496117186,0.049548085210868675,0.04943771853539175,0.048112353242542275,0.04625197801845317,0.042333405802320215,0.04181848149641958,0.04339213691508091,0.04027194666478029,0.03535118155516813,0.03450169245380717,0.0366843016712894,0.039149391788083035,0.03906349794253805,0.04275363835071598,0.03858805944839326,0.03997977038068244,0.03824288953229203,0.037995429261781205,0.03567946156024582,0.03817549624672706,0.03814541371108374,0.03912775616543768,0.03686617943758158,0.036041800361277146,0.033692467468489085,0.03473468609209228,0.03175753608463899,0.030577023032607273,0.030636611138753975,0.035094242444943705,0.03465589279208511,0.03731323403490086,0.03719783844305391,0.03356675431054269,0.035168425155542596,0.03640856700642024,0.039475665847404307,0.0442870531007096,0.04141268347711097,0.04377221914066645,0.04089833118370191,0.037205639979633845,0.03923964839808859,0.03989831139146231,0.04160625400200228,0.04094552411711319,0.04231229245803972,0.039638549980611504,0.037873145692776236,0.03952329558855794,0.03952190023773253,0.04093789434882389,0.0416783339466249,0.040348162659534476,0.037530697754803916,0.03896798260737204,0.03531801855812494,0.03593697275471203,0.039405649965425754,0.04362175926427314,0.04024327995131462,0.039831816873523745,0.03851223578704034,0.04474081210326314,0.04237514030207319,0.04129448990034447,0.045740638267240605,0.04411313028211815,0.041339501995318176,0.03865887325231554,0.04101390925891327,0.04353568386297692,0.04329915889098854,0.04218673482591846,0.04301989844130094,0.04441451988274296,0.04739986459658316,0.046213769996081774,0.047092613155087684,0.044312230573991335,0.04369523186947005,0.044125057483097016,0.047667903209758555,0.04388375191862898,0.04539739713531481,0.047772407009105594,0.044761314921502704,0.04547045345762395,0.04590356389163275,0.04633167471547117,0.0472836783000293,0.048906677113091324,0.05243711110912812,0.04891391183846085,0.0505006874784497,0.05010862566374576,0.04741373847105573,0.04901105021244351,0.04714543901085462,0.05117040111587655,0.04706055667791488,0.04523784492274982,0.047405882101237515,0.050312843164500284,0.05091036431349606,0.053169805263402356,0.05313084436235398,0.054550199066060664,0.05166256335978903,0.052791715927893154,0.050939115406878094,0.04883259154841235,0.04711152452216934,0.0491632899918274,0.04998726925933948,0.04975097847040935,0.05192406634953242,0.05031320530974062,0.049821068962150925,0.048721244112575696,0.044639077286685064,0.04386165892242916,0.041113893465181336,0.04444633042381116,0.04587981691588429,0.05022774965530642,0.04861775378428747,0.05034938432126114,0.05023835520811487,0.050215574422084325,0.050246569732376054,0.0509071413868087,0.05150395479477694,0.05188875539315756,0.05313534074884342,0.05659319294870875,0.053346087812809695,0.05257381026165438,0.05257242012111382,0.0503207421330968,0.05198203329556146,0.050090866970878944,0.05571176081580305,0.055650262476760304,0.054671495668433406,0.057527861149175366,0.056844547475319696,0.0548005745262216,0.05309273443532979,0.05611874973393208,0.05655642263080651,0.0571988361744086,0.06025531299158546,0.05651410199473492,0.058037511431282635,0.05608344213750864,0.055653406666231836,0.056018461550888896,0.05572944774823234,0.05438162662109708,0.05399190480649377,0.05080256015799242,0.05045612801478275,0.05258354907840694,0.05392106958604516,0.05400539489554712,0.05249693921648041,0.05321988536657697,0.051751682919929806,0.050252597058443274,0.048670206487353665,0.04493004228386677,0.045805037870546156,0.047337715150813184,0.050236010986797766,0.04988803155986227,0.05096524826606667,0.049634981095871764,0.05091043995907993,0.04853069226398489,0.04749773975388495,0.047483360815540734,0.04820042385486392,0.049960258055916446,0.047819289313685065,0.044483851793403056,0.045829049206103936,0.047984591445992875,0.04573320698910985,0.04338594635358528,0.04619711484353681,0.046094321356936155,0.0447749814228255,0.040830536435386935,0.04121117104590799,0.041928016278652266,0.04298104469047921,0.0429924543039429,0.0382241456306861,0.03588547243791759,0.03312311390460461,0.036039090731288664,0.03475131039538483,0.03817084264730852,0.03593462354452584,0.033501215937823264,0.0317599615485203,0.03420717206017246,0.036964467954180805,0.03593536381300272,0.03270953585679856,0.02891011647918096,0.03137820750293929,0.029122508364141916,0.02988537419999361,0.029196123540187066,0.029369028611778217,0.02665240578285974,0.03114406306519088,0.028713622988354434,0.03188798292092304,0.02933632364746673,0.034760554000675944,0.03726594187620329,0.03632992378146392,0.04110266455784907,0.042020200512276576,0.03796756090774214,0.034501554615350385,0.03443059003153784,0.04112954965218871,0.04024420657810859,0.03884771030179701,0.04224296168755129,0.042745513554200004,0.04012428212564205,0.044368527969813804,0.048167755849967464,0.04272654236055394,0.041860797318762216,0.037324534933593376,0.0420777743702169,0.04169771595052972,0.04179011880405614,0.04390255680308905,0.04180283803144816,0.04244640101999739,0.039204553742382145,0.03985487291530132,0.03934237093812132,0.03844289141239218,0.04296492247004026,0.042994085360222645,0.04452056548649354,0.04546997830689474,0.04412893804094878,0.04645254569923364,0.045467929149935415,0.04929749138919179,0.050068153236621754,0.05321285391219334,0.0525701700939601,0.056046756658113095,0.05251048509402205,0.054725596676932955,0.04953377332962301,0.052715288080404016,0.05006314432888073,0.05084847414082698,0.05101633510281267,0.050352374594211505,0.05067939294808142,0.045858613056490236,0.05027327815065048,0.05073431427237249,0.0516948946700868,0.057861196857132854,0.05685349256837707,0.05521450538955827,0.05936617173503135,0.05879589655114696
0.012949006688090445,0.010371019332131096,0.010607401766601729,0.011210491515468393,0.00909048893620644,0.009147313061085252,0.011877993538731466,0.012694384620580576,0.014085873922319511,0.014794123066544845,0.016043376232548423,0.019219826190797734,0.02153526944679006,0.021015170179825543,0.018930834496765553,0.016184766855149718,0.015735985777592235,0.017622061735524663,0.019033505935090622,0.015356834945363412,0.01676646646586913,0.01693035155384684,0.016599505229570377,0.019409488011971635,0.022658785373390458,0.023926166849249336,0.02131460363123283,0.023801416589449412,0.023534007180357697,0.025566643155531546,0.02794076441986238,0.02902101576469019,0.02421294690786216,0.024934256966370583,0.026269084440192186,0.02613872785283547,0.023896501122224634,0.022064504074896407,0.018969929667279423,0.019801673614828708,0.01742142806466679,0.018457011384217084,0.01797421464249578,0.015249310488775453,0.012419195038869124,0.010588745507911113,0.013204745052697128,0.011105256681779321,0.011700654445405079,0.01175619044511056,0.015136130653419275,0.015532569562477935,0.01841328404293209,0.015957294595015756,0.01837906074976467,0.019439919744693168,0.014514331995454065,0.01259666678248357,0.01064647675276504,0.009945120829746357,0.010356129898700786,0.007731901330071428,0.007348369529528352,0.00849505372810936,0.009195555549899016,0.011221818477761894,0.011101969757973812,0.011248138609160997,0.009245420683534393,0.01059389203061583,0.009744642888443768,0.008364949537798046,0.008453385509650475,0.006177129771441095,0.007092906295597633,0.005645740933504652,0.00787445461166443,0.009123602202481436,0.010443909337196619,0.009811653092221893,0.011348570688879206,0.00852649475017319,0.007990977561512264,0.010179021664680363,0.014360919708993555,0.01523272899953338,0.015402437325749928,0.01488763667268369,0.015271499291231456,0.01509256391944367,0.016077437375651246,0.015533584400531871,0.013863528340100854,0.013463815180228135,0.013268844778740511,0.012616255277979205,0.011129552528201605,0.01014043632249672,0.00771022129420703,0.006582388970438377,0.006500978514804866,0.006959549171078504,0.006058746138329043,0.006305362045929502,0.007755999866200673,0.0065120313212567275,0.006942204648317345,0.007412757764434171,0.0072318870900576065,0.006776943730727698,0.0055093726023415016,0.004490792346538784,0.004256829730892069,0.0030840087296422035,0.003249738366195607,0.0024224405177001584,0.002309708454132531,0.0018004193986145209,0.001686446871820041,0.0012192443979189144,0.0015337571102774922,0.0013909766694620886,0.0014141338808763056,0.0012569634232740892,0.0005729090811205078,0.0004664391738437683,0.0007243517048077901,0.0,0.0,0.0,0.0,0.0,0.00018339008104056517,0.000263053926647442,0.0003904126024968889,0.0,0.0,0.0,0.0,0.0,0.0,0.0,0.0,0.0,0.0,0.0,0.0,0.0,0.0,0.0,0.0,0.0,0.0,0.0,0.0,0.0,0.0,0.0,0.0,0.0,0.0,0.0,0.0,0.0,0.0,0.0,0.0,0.0,0.0,0.0,0.0,0.0,0.0,0.0,0.0,0.0,0.0,0.0,0.0,0.0,0.0,0.0,0.0,0.0,0.0,0.0,0.0,0.0,0.0,0.0,0.0,0.0,0.0,0.0,0.0,0.0,0.0,0.0,0.0,0.0,0.0,0.0,0.0,0.0,0.0,0.0,0.0,0.0,0.0,0.0,0.0,0.0,0.0,0.0,0.0,0.0,0.0,0.0,0.0,0.0,0.0,0.0,0.0,0.0,0.0,0.0,0.0,0.0,0.0,0.0,0.0,0.0,0.0,0.0,0.0,0.0,0.0,0.0,0.0,0.0,0.0,0.0,0.0,0.0,0.0,0.0,0.0,0.0,0.0,0.0,0.0,0.0,0.0,0.0,0.0,0.0,0.0,0.0,0.0,0.0,0.0,0.0,0.0,0.0,0.0,0.0,0.0,0.0,0.0,0.0,0.0,0.0,0.0,0.0,0.0,0.0,0.0,0.0,0.0,8.283207984568532e-05,0.0,0.0,0.000678148676594631,0.0010117687435529255,0.0016439818249835408,0.002066423480634662,0.0007719153382264171,0.0020206841034953755,0.0030468103062060835,0.004682133861833606,0.005080151173929263,0.0058577236169288695,0.006590984354343682,0.005276890575636992,0.005744494388011242,0.004185515714676949,0.0034639819308360797,0.0031505630835576247,0.004356353425607362,0.005969649053793076,0.0050804668201021065,0.005793483400872788,0.005205430871414032,0.0044972833855114434,0.0033266918633667285,0.004075578780059801,0.00421873096793024,0.0043633874092314125,0.003473834124728646,0.003297069853476931,0.004576021195809191,0.005695475803961018,0.005424163637904537,0.005792106063446659,0.006548841280440188,0.007650355774433942,0.006872520381491266,0.006976079656902834,0.007325108261139607,0.007043538446975174,0.008681146737052739,0.00999599086326379,0.009596517837419886,0.00851303585040971,0.008723044951312691,0.008284857987666174,0.007920259290076222,0.009705119144163398,0.010387187374532706,0.008325871924758657,0.01088934003393027,0.012335153716951541,0.011704623585058908,0.012096535247619992,0.011913153025109532,0.010997499533189459,0.011085212436190536,0.011079248396372948,0.010720187181758625,0.011623871349728126,0.013167872201449517,0.013923190521589333,0.013353207306473783,0.013170146955446979,0.010610492640825205,0.010858374341257835,0.009386420352476915,0.007606555933521657,0.009110653064588178,0.010343869178677603,0.009225174980114027,0.007084109573288679,0.011245287607385298,0.009437785645236473,0.011925843381749866,0.013237532906176325,0.013715032804065094,0.014577453037516688,0.016657796319269794,0.016335938177616416,0.016166870960755336,0.015696019806713923,0.014250799747949253,0.01588387758964791,0.012193868510426753,0.012275583223601776,0.012182531860548788,0.011891986020111392,0.016431666616158747,0.016525002217320367,0.015212827541664607,0.01425151153848045,0.012561497306751275,0.015087738308540335,0.017050861646395347,0.01615394241093853,0.012361297465789803,0.01114417826477302,0.01084434037598949,0.011964971310441025,0.012852248352352998,0.0127305921186096,0.01335448200622779,0.012573501985681218,0.012789308258446451,0.012048510438458455,0.009631662429528752,0.009716931471695035,0.007551632182010971,0.005283984444445333,0.004002648771979582,0.006206373596609124,0.005776553690462594,0.0046198238199285716,0.008431564799716414,0.009798162187347852,0.01018991660904002,0.011683935683707874,0.011446334792759985,0.011367901440323132,0.012842128294144911,0.010460970953771465,0.012780761687002304,0.011048713502036893,0.007789713074359383,0.010496471820822827,0.0068025382914049665,0.005715382764916843,0.006344614187198221,0.006513685741828423,0.007878142910385001,0.007710090376935395,0.00886655762573161,0.006899205744670164,0.007953077988983953,0.007248680765462222,0.00964856271834335,0.008999631511899378,0.008716902322149375,0.006661519026708175,0.004124247227791339,0.00485321560381826,0.007229368036085419,0.00849618354000655,0.007047394723770098,0.005538812441689335,0.007181453147683474,0.01132531728408498,0.009474714110542813,0.01075471068337483,0.009356238894620679,0.008534258435374947,0.009408111396882024,0.012210847368722279,0.013350363333381611,0.012838488008713858,0.00914966436027187,0.012266648091010732,0.011090806091214989,0.011612118654353486,0.010153777648064993,0.009382039660195678,0.011927903845215637,0.010624591686175043,0.011841169604412866,0.015491929688379827,0.014726427622038483,0.012833777756887557,0.014553270773950341,0.013536069332331209,0.014672263631495805,0.01476509057305693,0.01629892759817591,0.014340541261124128,0.014394935364482789,0.017584633230243306,0.01913546793065137,0.020078637496112703,0.017194956732520944,0.019956558513983036,0.017208579309778038,0.018991845789255217,0.016407419082711892,0.017117260690924598,0.017854941013404138,0.017198369392386455,0.018019774743532994,0.017355960574171485,0.017591162862122908,0.014821049282233753,0.015766924917337624,0.018621638671436458,0.01853480182524401,0.021715083362558237,0.019902636374517786,0.017223543325141706,0.015569270627979331,0.016216835892205142,0.018073712076411882,0.014893904987340445,0.014147592873147465,0.017176933123987687,0.01742360574877426,0.016701735778467917,0.016638584083542865,0.018813603532085513,0.01878904367896577,0.02054385305532607,0.019092274140568626,0.020079189623976798,0.015852359235728516,0.01735984559042554,0.019221170522967297,0.01732347023480297,0.01720504571821488,0.014849040821955192,0.013466281408335834,0.016569591187434035,0.0154222112029396,0.013188988567160428,0.01400504025296169,0.011858363358796628,0.010659062457844815,0.009531194448490946,0.010516204099733042,0.010917390736804714,0.010823941439525794,0.013986759056548378,0.01148277758881977,0.01099274145976098,0.009809573909149619,0.01134641172419594,0.011255942057259896,0.01154946571723299,0.010946642878745666,0.006800481090040819,0.008309188956244454,0.00795539249870747,0.012247265524155643,0.013773244946790414,0.015282314948683332,0.015242941155315715,0.014652922107855001,0.010610602844151634,0.011726777589197296,0.009453874876010099,0.007300938779040561,0.010661994363102112,0.003843743520648965,0.006954278854191601,0.007742952725160776,0.011066806988268188,0.007897148067528864,0.007461706042047753,0.008206485289179333,0.009074649787892894,0.012155960190005324,0.01172895151882071,0.012373148413778803,0.01816663787631337,0.019325125799929135,0.019593442393608385,0.019419759876209794,0.017355183701071905,0.019006741924826515,0.018234847803684978,0.020946470315535093,0.021117576242677183,0.022606509382661913,0.025047913880938466,0.025076201238255894,0.021761214445643703,0.02638903289890214,0.029642854423062637,0.030819716808403078,0.029027531828285283,0.03226833320949908,0.03427480852494015,0.03380300278066513,0.034123894029250534,0.03296493640149925,0.03843154051409111,0.03584573395310389,0.035778355800349076,0.03951619804189646,0.03935576693117708,0.03830356732054345,0.03815785603767728,0.03419355484663686,0.03242425938438885,0.03408294256947973,0.03377841387594968,0.03478118875229187,0.032870439434987124,0.036008716464470535,0.03556128705042849,0.033235292809718715,0.03347296498700802,0.031154319991505516,0.0361148373976664,0.03599378094297019,0.039255607769847115,0.03587576516204845,0.03482285822746756,0.03740398310457878,0.03795703708447598,0.0355251320893106,0.031098582207092967,0.03477806750731334,0.03673831301082664,0.035391312900872746,0.036562551688238465,0.03694649404201028,0.04121031327023006,0.03979984951921445,0.04179752744375488,0.043042630385398684,0.04100239360266407,0.045055872531998886,0.04401545022689084,0.04657866792377742,0.04898190156791338,0.04684249938424406,0.0451648630831324,0.04081918441419673,0.04016027008627901,0.03912750691953511,0.04048918053316111,0.04051710578599836,0.038958709358084875,0.03667490016030846,0.03736232575209575,0.039133949237735347,0.04439432336244774,0.04331128357947274,0.043842604307107236,0.04472779823775072,0.04230880280426075,0.040461525658131464,0.03774516664497743,0.03753902578742446,0.0380398191491121,0.03760630831432564,0.037892488178054684,0.03643535487087181,0.033183872144280785,0.03612133668003592,0.030310604960499823,0.030594647488493346,0.03141203375598553,0.03126402500015754,0.03218764110066573,0.033602530725366495,0.034130471112304064,0.03555537617203504,0.03252394154456119,0.03486029324701474,0.035066651546090385,0.036152707580227164,0.03198926301921384,0.031880861919138734,0.03017636803035889,0.029163247597768505,0.031760878372380535,0.02994999754759055,0.03537558277472179,0.04011892084364119,0.04644260120245218,0.04445654458555087,0.043770318646136064,0.04032834586996038,0.04020360528999879,0.04055441242155568,0.04070605698393899,0.038392803825863825,0.03846822190909241,0.04058352266116197,0.04403964942744097,0.041586302493026556,0.04485483229402501,0.04150172000948785,0.04418542432203923,0.04290815382395005,0.04105316782792977,0.04181901686982828,0.04316674125904292,0.04317148533829908,0.04167960807629878,0.044529416065823876,0.04397360287950772,0.045815684069835924,0.04248442318379288,0.03872276664546001,0.04042968646553827,0.043454519649588144,0.04264051195634662,0.044862653759442,0.048817567573475704,0.046611956454732845,0.04890968067849075,0.050860914852594544,0.050794985244810784,0.05043455347018831,0.05115807649544485,0.056276799574206116,0.057977600114391376,0.056690149726941516,0.05993982373390393,0.05765033879894457,0.05503945639211963,0.0555908596289026,0.05596074984189618,0.058561918770874855,0.05867333973058665,0.059503586288808794,0.05918236674252175,0.05984847870938392,0.05996198510784466,0.061044823791312264,0.059998745524917296,0.060397939239753284,0.05702236785143058,0.05950054035733528,0.05906544222062664,0.058844352442609354,0.05749028129265578,0.05462474696879352,0.053373139943416845,0.05461112194308111,0.05848863583260176,0.057880899875403194,0.057701009035285356,0.05576336295971919,0.05312101592405881,0.052181977232204704,0.052116095113620434,0.05139074066499674,0.04850650002650139,0.052343666705461395,0.05243690808410735,0.052790416345381855,0.05531244173032139,0.05445862610659327,0.0534679770030706,0.05435945809424299,0.05529115458501731,0.0530703666044126,0.05053284798005021,0.05117111637972542,0.052269663304034444,0.05341909971209377,0.055013798602427985,0.05673553176477021,0.053979302858654155,0.05674304133351468,0.05603592107319742,0.05849242540249469,0.06420673134803799,0.06412314122372025,0.061493196001306344,0.06624369126185721,0.06328952470101032,0.06556795885996278,0.0640677021178746,0.06724508651681912,0.06760433149287065,0.06951039439426077,0.06542559043732675,0.06503181360409441,0.06581385119859107,0.06843340671026531,0.0687851710855732,0.06913131374209215,0.0685358941896669,0.06664030568692923,0.06874610349505783,0.06265782337453206,0.06415401974950838,0.06676959088353195,0.06932959964770373,0.06979528257944526,0.06616743515743366,0.06439740709548827,0.06363817034621512,0.06311677680576862,0.06106995891625289,0.05809493875735569,0.06037031237610298,0.0606191874132577,0.05830380778892019,0.05718403039147654,0.05957675984874708,0.057851661069000526,0.05838277506727385,0.061211874756876936,0.06290482013739636,0.06024732446549111,0.062081171204287855,0.06808889229485053,0.06682078813233731,0.07078498393720917,0.07392089312636509,0.07290017903850221,0.07287664686301132,0.07368879222879321,0.07109383675026601,0.07514986820729877,0.07419862809066946,0.0775969138484703,0.07651127909264539,0.07745936895894459,0.07579452385366692,0.07692960361510229,0.08025340390395946,0.07923141595352917,0.08172609775627468,0.08213882076467732,0.08273186151307196,0.0828761603799072,0.07931662348988883,0.0828583463903644,0.07967570160120616,0.08501084871627798,0.08227784805028796,0.080571324826235,0.08091775178490782,0.07945791567804925,0.0818593491810562,0.08506437668701902,0.08521325508905828,0.08790546545144909,0.084919410628983,0.08634997165196001,0.08762604154730133,0.08596660938151807,0.08680918594437162,0.08785817450598501,0.09198430966324411,0.0895159860031359,0.08903536043404439,0.08473599644423835,0.08437612009258225,0.08571678976810418,0.0856830756852196,0.08869221373221398,0.08844745138243387,0.08805384708431802,0.08518428922685936,0.08526699987991754,0.08580340415021245,0.09053454764198623,0.0931630052753924,0.09334194134312312,0.09226373733094956,0.08986514728684997,0.0905710876627897,0.09338268066535954,0.09516659503843694,0.09710647940451161,0.10049565655580064,0.10304519826034164,0.10162429872699047,0.10260773631019068,0.1042351869073603,0.10264792332843573,0.09913468428682315,0.09928688590175438,0.09792613558578445,0.09552133254585418,0.09865085622809996,0.10309131832888221,0.10163133234448105,0.10229007372141546,0.09759062753164438,0.10141997334149139,0.10354425222724012,0.10320810911388215,0.10473778554464,0.10106682751990309,0.100194460048595,0.09977320778452953,0.10050050302684935,0.10574072002370702,0.10717436581685813,0.10790977170089044,0.10651293352262864,0.10632189312869794,0.11226663875746132,0.10931027373808386,0.10691142383425423,0.10882536816397054,0.1101158821780949,0.10535652279683477,0.10540050614365296,0.10689634640879833,0.10622155304173167,0.10506758846207562,0.10311071041993214,0.10485450914816219,0.10759739418350908,0.11314419380811805,0.10984772279924612,0.11240080663832774,0.10987989596126824,0.10786031169526142,0.10769328774685011,0.10661925525664837,0.1046525773201096,0.10175914990957835,0.1057068751942066,0.10291630208323796,0.09894205740730466,0.0961317434714036,0.0993624797461427,0.09692887964971328,0.09756860518388644,0.09469828925768992,0.09295113547823342,0.09337146305317903,0.0902148927968403,0.08984760535869266,0.08698031966681188,0.08911224526368841,0.08857718841762197,0.08777956163806175,0.08782943421039124,0.08990382422533072,0.08990179747265031,0.09209786500556447,0.09141458115304721,0.0896343927452907,0.0959654186751682,0.09340593753959778,0.09067782839273947,0.09363378089575483,0.09320848766217155,0.09069411024211924,0.09456656550970197,0.09500931358147852,0.09325513372765573,0.09498998402164255,0.0981851390099199,0.09604767766225245,0.09759842517656533,0.09867615173054867,0.10210954402403793,0.10270499311951542,0.1044810056166319,0.10707411182416332,0.10607317173772676,0.1095694134440158,0.11031645654783823,0.11283779438222133,0.11176589294001513,0.11068407013258824,0.11182346614556515,0.11086778730050845,0.11414658326315155,0.1151643936769376,0.10841331522598185,0.1065186195770938,0.10574644794962082,0.10664112610751514,0.10957226318626931,0.10842918200994198,0.11073299667512596,0.11005528443392149,0.1124110228524601,0.11196368014176675,0.11091512957248056,0.11839001279213573,0.11804788898573315,0.1202849050507396,0.11902369938018587,0.11627536032875141,0.11826177769357332,0.11968708544523937,0.12178099758311803,0.12122941602371876,0.12240476494542066,0.11889091012738254,0.11760113973156719,0.11908601598852078,0.11838373955165257,0.1159129868859525,0.11860014511343947,0.12207312617930421,0.12115892383742694,0.1227143755513879,0.12720982141260154,0.13030201950385895,0.1288550655927209,0.12559048313854565,0.1265888318207739,0.12360039135251841,0.12124244063851747,0.12291273381470319,0.12647044653503225,0.12866591076924935,0.1292016094140896,0.13208933801964878,0.1376803545905049,0.13530087587978534,0.136920933081641,0.138159286653068,0.14534107105597152,0.14065233791523152,0.14000262079914133,0.13846796544419507,0.13579923245458225,0.13341295288874336,0.13123092120566804,0.12957268355156532,0.12886410976564536,0.12249086982908886,0.12122096888300635,0.1218174040694174,0.12626000787501296,0.12365630509030734,0.12224563624907323
0.017851158811996795,0.01724176169411265,0.016126510251858656,0.01638685561582938,0.017790306911813727,0.018813705859241775,0.02117078821357911,0.01949941664426587,0.01826694761025001,0.018302347869598404,0.02116937962860581,0.022143059890365108,0.02320670051492786,0.023292871888218408,0.025215912709268373,0.02433345101986245,0.024067310363005315,0.024674245765648473,0.022223959904457025,0.026189332163630008,0.021244531522882,0.0246246180228909,0.025303053598800945,0.023898226210120707,0.022742830727270374,0.022926884881744672,0.026684673722089228,0.026356404637322625,0.026092134804986428,0.02890566512735271,0.02780347028849764,0.025662102820331864,0.023412381195307308,0.023529484612550014,0.02292852645415297,0.02418553635990671,0.02347976570835604,0.022107543770003416,0.02090096605020568,0.0207950921047676,0.01918157127947938,0.022435264493019746,0.017995875569537967,0.020187720529167508,0.021002526786480694,0.024688482050119087,0.02564107535271279,0.023527036226357066,0.02550916852095885,0.02554033040137741,0.02490354007788618,0.02378246114115804,0.024865420184310857,0.024760458601833533,0.021088912379426228,0.018557590413086904,0.016421101930725907,0.01770942080843673,0.01880091316959554,0.018457479264205323,0.01433817984155844,0.018982318897970925,0.018172104433237662,0.01771178718354445,0.01428565910427098,0.012263998625493044,0.011110651037918258,0.011137459540255183,0.013990686645878617,0.009654300455350824,0.012986045613434936,0.012946437634061364,0.009622870877086492,0.010540522682594908,0.010483741080176912,0.012189462766731683,0.01163993421875429,0.015170302508540241,0.015649893632200998,0.013128370504784513,0.01300435363876197,0.01237251395298531,0.013130323236178194,0.01386826996644587,0.013420646586060382,0.014012539637672496,0.015266293667883263,0.015489330820006447,0.014861152585236022,0.01498528186880272,0.016098468761297238,0.017988181856108832,0.018919280714582418,0.018268771654413405,0.01634115920883198,0.01538593307342595,0.0139204199969695,0.009686720065400146,0.00996355892163325,0.010419234262964087,0.012897559395384364,0.011290812264707455,0.011719007104241983,0.01239588341301488,0.013289084453818292,0.012443353918309565,0.014069806907886027,0.015646344170677694,0.014801371311777969,0.016110159932727856,0.01495801254434638,0.015983867581601353,0.015277246844799242,0.01647743012453189,0.016348261263872763,0.016737340990299023,0.016995657433203314,0.015623488379230829,0.014807399416762457,0.01509821952474489,0.01576156024652553,0.015509069048487326,0.016859433148407595,0.017954963468262076,0.017629439045237005,0.01750713233426223,0.01673184055090693,0.016668785492354832,0.016630487839291955,0.017220875782895013,0.017193448347926882,0.016466552213559745,0.01780907291404591,0.017535638089513982,0.01844372761367393,0.01898716197384001,0.019153477206147154,0.01976106804949841,0.01984507272479185,0.020793740566420367,0.020916103780141176,0.02210166926489781,0.02254410506973429,0.0227565175340711,0.023006595370150394,0.021834689428716178,0.02175740129925941,0.023236446628538722,0.02282612082680289,0.022807900461212328,0.023695760311597636,0.02351466536329632,0.024109245046052993,0.024696543395809737,0.023473826393519703,0.024172763723027308,0.024341948893700623,0.023273384304539662,0.024680322474666557,0.02461186421859039,0.02335933090877785,0.024314379447678284,0.02458176449016889,0.02438687939647249,0.024826005013463718,0.024337771051340572,0.02516418514656401,0.02549367106108619,0.025704132634091072,0.02609071294949573,0.02627714992009345,0.027099397949027958,0.02713857263873923,0.02764042431737041,0.02751848771972483,0.027953619191409134,0.028015448846087594,0.028008152159005754,0.027580857387110802,0.027443925991369914,0.027784736371408426,0.027927879963777318,0.0280258339241524,0.02777529733060671,0.027821301690022934,0.027849471784824036,0.027987625892473507,0.02814431029463347,0.02809042415978652,0.027816039753527273,0.0282474537889308,0.029435864397365723,0.029658524409437004,0.029940150918578528,0.030237564047616218,0.030327710592264516,0.030049579015571766,0.02981575086131276,0.029301703236480472,0.029982130756873938,0.029923384104842663,0.02948997773657029,0.029805941186696387,0.029872705574380678,0.029410320630332998,0.029544410858133204,0.029054899968931288,0.029144142763832356,0.02858329588453068,0.02836977867031137,0.028187997780810842,0.02843962207067341,0.028569086147429805,0.02797178281482584,0.027709286817564766,0.027707406250608003,0.027410943693827787,0.02643218286519081,0.02562280092867676,0.02572306789543805,0.02580498419331332,0.025723091051775334,0.025302224467536615,0.024750453924919917,0.024909069294960014,0.025521365361152112,0.024611220690542876,0.02476243132956816,0.024034601943146244,0.023495018878782106,0.022906406283223612,0.022534175944522568,0.02228458026256083,0.022197757372400775,0.02176342953964424,0.02139861269946005,0.021098077071157184,0.02128142729162872,0.021639512044851983,0.021948550103306794,0.022453106396719765,0.0209319192361428,0.020658947265469567,0.019817952799354416,0.020002575205312192,0.020057526347847847,0.020152894399778982,0.019548618396633088,0.019209873796517438,0.018523385822247898,0.01879862502998115,0.018566431980528375,0.019145359143694012,0.01880511495491946,0.018426898138983426,0.01764633887533721,0.017135311443641235,0.01618720326405897,0.01690246767616116,0.01663345790604109,0.017105441201114104,0.016785750443680372,0.015878523554275735,0.015794966205487884,0.016396714661291653,0.015664891394292918,0.015258667178548128,0.01554860529884428,0.014452595870078758,0.016980656843294563,0.01773777069526311,0.017200180986224077,0.016525927114289515,0.015666050203854615,0.013932972386988231,0.013955921802125196,0.013920548243929418,0.014207942341825994,0.014013055761315767,0.014650497505099431,0.01494308901551532,0.01342150823014241,0.013346038237029373,0.014647727887882319,0.013574289431007438,0.011813103448963747,0.010964832989078199,0.01134324422459499,0.011484127242166152,0.010933888914670693,0.009151826357430965,0.00802466587096723,0.008716471106281438,0.008372998814901257,0.008015672438473634,0.007721801746133482,0.008668779100977353,0.01014108326273594,0.00821455465901971,0.008668803822484333,0.010027992563991804,0.00783629879151064,0.009360920424031149,0.010646181727441344,0.009404201404503366,0.010059234193970118,0.010384623117938557,0.011194916146311278,0.0092492276786963,0.007369023955751633,0.007417720449474641,0.008285648911662287,0.008312200155015423,0.008844998202352218,0.008222970888908887,0.007094301718362908,0.007815631649639661,0.010185226032266088,0.009707467281060058,0.009028742421322011,0.007971045557802314,0.007363823488733778,0.006931830708127116,0.0065393513246332635,0.00723048244289843,0.007923255439961946,0.0052053848739525115,0.006999902487531729,0.006772063975751211,0.0046911522505821805,0.0038269384530803703,0.004445060016974214,0.004969468650408426,0.006750017369829827,0.006918131733305254,0.007066225041912729,0.006260913828530754,0.00646053944121797,0.006834850826771443,0.007858196583343663,0.008181487928115728,0.009041495776346341,0.008654448031307889,0.007732724487693639,0.008356408342320584,0.009635574772888008,0.008057700890030262,0.007180268459801863,0.007466908950609662,0.006310251408686161,0.007675294758700515,0.007914655236955035,0.007768747816066981,0.007182259416822625,0.007754925776276032,0.0075608228972144885,0.009745250217159829,0.012051089184526225,0.009982180196272391,0.010128280030619184,0.011460487913653526,0.012871032835048566,0.01081828970444345,0.010424547392009438,0.007855069738082657,0.010377900797369857,0.008626289399969834,0.008301502056411399,0.007770345444092747,0.006213381131419025,0.007135618530312048,0.007828002879416845,0.008972935414426675,0.011449949485986335,0.012135069297996327,0.010320145614373354,0.011422841545833347,0.00939855755798727,0.010482183024847401,0.011482058491296125,0.013164625538354742,0.012843602388063695,0.011957253735257203,0.013805572714176859,0.014815564814971767,0.014274304009217996,0.015612702372794662,0.015119224233792812,0.013832325904740615,0.014517545085916302,0.015354772778886458,0.014924640650597648,0.017732940940404236,0.019409759490047286,0.018083749640429067,0.01835485397861439,0.01792604635692776,0.01699680700526903,0.015659617497796034,0.015031845122293143,0.017251748232632126,0.018172225276836027,0.017318864283488895,0.018740254448917547,0.018949779063177914,0.021652341942645724,0.021775400473662873,0.020313919766441632,0.01889842507768403,0.01955993466403568,0.019238110690388416,0.018716981901837487,0.02013092561406521,0.019069872012374707,0.01708744687676831,0.016225367465666267,0.020510664604729133,0.02192983969919282,0.018790985417375033,0.019827736641661355,0.015723961433579736,0.0170695878209701,0.015863579807189235,0.019483042156856742,0.019466217769041776,0.01861375268809192,0.018668950811328203,0.017151238759590674,0.013564999127513307,0.014918499885259381,0.013750772567538198,0.01141841377422121,0.012470807438869032,0.01329101414850331,0.01713308538225649,0.018644332582340946,0.015606006707340137,0.01556879230692422,0.016971788702186588,0.01878869853943465,0.021461708093745153,0.019564151575532825,0.01589591132086854,0.014483698020360092,0.015685472888818545,0.015394323156367636,0.01574674337921362,0.020682841031302045,0.018566183006278242,0.019879593581322713,0.02518282594028587,0.027399979094339035,0.028161474329854108,0.028018881600315085,0.029964043292027058,0.02971428357659498,0.03072870111332733,0.029849990045132578,0.026306564126378905,0.02767408160781428,0.02514368131905595,0.024292391676281617,0.021861590772795453,0.02130071705614208,0.021497156377865645,0.02208636773821821,0.02172586569261361,0.022915948924818283,0.021964803730222256,0.017857983322662002,0.015333469839764066,0.01606949692435327,0.01623040974372198,0.014963473979951444,0.016231554623470312,0.012619640108277423,0.014582763334205495,0.01830840766549304,0.01960685296633565,0.019440034151010317,0.021504315832909716,0.020868230573689923,0.01861747519615721,0.02025677174464785,0.0209933683835831,0.023393710405719803,0.022524622787191702,0.022865989292755122,0.021951173781915058,0.02273283771674666,0.017012243333442256,0.016383784441369828,0.013355996975365492,0.014802237833421661,0.014585923606786212,0.01433260238078863,0.013232622555289945,0.012274524486971944,0.010528104371103117,0.00983589752867535,0.0130122754152249,0.013278122050908676,0.0125873419766925,0.017928698493845575,0.01700433399416914,0.015427025434306414,0.015255057787083956,0.01506527146808815,0.017185134713906973,0.017813259586985916,0.020216823973698304,0.02088455993669762,0.024608309327016076,0.02105900335087065,0.020809287542353685,0.02211513007465954,0.021192487264556206,0.02308800400672488,0.02322450135171178,0.02133488441841519,0.022770095417738466,0.01954020103941928,0.02101696729640462,0.021510758251663577,0.019405572738609385,0.021723626313633636,0.016771546422140293,0.017746988334632265,0.018397983700369477,0.01777663360220927,0.019870640881819293,0.0213383544368169,0.022290879747647957,0.016408269496099456,0.018043571787951754,0.015162728755638288,0.017094811021729724,0.01486930958246506,0.014738209571487408,0.014452300213920577,0.015260584736993918,0.016291279135492137,0.018325713888826305,0.02059355941949028,0.022498335352819684,0.020483454346846376,0.02246628507448334,0.019028723190367643,0.02091835346775374,0.019090539649585785,0.020237177706962338,0.020597178498748488,0.018614775674971412,0.01866024156870453,0.0191686195279187,0.01817454185623358,0.022987724435311913,0.02127037414541142,0.02138250799976782,0.02086437430011019,0.021345026999993383,0.01813382647958544,0.01458155837386508,0.017086150740658446,0.01376626438598013,0.016289769581615383,0.015182111544780517,0.015317084169017822,0.01434304597692504,0.016314929939274095,0.01852768714291656,0.017629506027396796,0.016784800384583708,0.02032519433082495,0.022402234589028652,0.020770573699878205,0.016204806456790857,0.015335133073081729,0.018552706313091846,0.020584868949315133,0.02042291883735986,0.019999619392493832,0.018155928204392664,0.014802936396871622,0.019663782217609192,0.020775107533228226,0.022767892941683285,0.02363961966572306,0.02377683505412046,0.023789729230481435,0.023089848870158733,0.019182644508201,0.02168104587982818,0.01824948637174021,0.020149528525175195,0.016327388973843004,0.016609043197142875,0.017983654681330584,0.01913630234409809,0.01944686043106636,0.0168478630632242,0.02021505983867839,0.01726260446720153,0.017789166585261765,0.017620552146533512,0.01726138476153502,0.015619611178829505,0.017481900979973562,0.020409242931226937,0.018970287976975794,0.015547205685083644,0.014918823334477582,0.013379720631309017,0.015239655204207461,0.016353633477392965,0.021936822743862064,0.023110004507473664,0.021512128306928308,0.021841053407385472,0.022808453158019215,0.020064438635089873,0.01976757285266631,0.01989209183878611,0.01905259994652367,0.019796373130009343,0.021301871404676,0.0225018237323852,0.02142156506064069,0.02309644664433072,0.02508827903263504,0.02974593069479109,0.03004410856573872,0.03009920596333715,0.02945966578803859,0.02741930220180426,0.026256042921443165,0.026123348323762827,0.027781688209760305,0.02864617561322895,0.02881623448491799,0.03064761013373951,0.03123536877560018,0.030968282731834385,0.03026799256605585,0.02859700164970097,0.027013125737795796,0.023697882886037913,0.024888710465717626,0.026158370183953894,0.02432574680355229,0.019142347415031485,0.016415564426424667,0.016331658848393008,0.01647552299407709,0.019476587322284827,0.017921643549403204,0.020136347736719004,0.021128053721745074,0.02238671990276539,0.023067149866204853,0.02733008605742404,0.022960051433440015,0.025374206624508386,0.02548254876180857,0.023051742897761518,0.025201479385306993,0.0263200608188901,0.02098483874134084,0.021929912718335,0.02068171387543981,0.0235398191550249,0.019400605551094227,0.02229932879753671,0.024412558183096525,0.02511126791558442,0.024149406716020172,0.024012414634495785,0.025471314353424215,0.025295105769246762,0.02702639847554511,0.02607286048115129,0.02485271606356365,0.025729345385814076,0.02696969342540466,0.02376559210613799,0.021610408206406237,0.02447349894710009,0.025296624919219662,0.018947598539806584,0.01858770485616619,0.014780095759138204,0.017707108605350783,0.015224957637026568,0.017947638618510522,0.01707340954391187,0.018847802214257442,0.024114508550886385,0.015784844487281124,0.021754770317534436,0.023946814564047986,0.020573357388787086,0.01996060841019831,0.021532995031225063,0.021163862752247048,0.01865651928276922,0.0185229915704508,0.02227498114673232,0.0217422086399751,0.022292824646551287,0.023548700657522875,0.02281862840481659,0.024059745008493505,0.025601842671362438,0.02861963222171382,0.02855903183775374,0.028052985273049447,0.029392972876761556,0.02996043455673801,0.0300859945886075,0.030778973930956008,0.030816456231977388,0.03004442854992745,0.02890926723312935,0.029844637047240524,0.028773725531863248,0.030000251417730994,0.032638831724283585,0.026815086009103817,0.025611846007903935,0.022717286430995354,0.022845784115373427,0.023593616009330465,0.02814396217422188,0.026017789897729057,0.029388420600304374,0.02824968234800028,0.026102747238260157,0.027221437451626807,0.030277416065919355,0.030447228465667636,0.031611387542415686,0.03323634378342476,0.034928938043873925,0.035762046975888764,0.029906341890712923,0.032093715765704495,0.03196226904942183,0.029662660580621253,0.03215757263549997,0.030085990155979056,0.027686559084431198,0.022380653991187965,0.02587991119035986,0.0262810012120588,0.026263367881665653,0.025428831402854,0.025943981174085445,0.027966558822757587,0.02813474404732405,0.029243673245146193,0.031097276261126294,0.03270991614125647,0.029082168525072685,0.026381246310783243,0.028597049986314613,0.02948343638180248,0.031710996921269996,0.03145480304570429,0.029321678564572545,0.030025137868162785,0.028744336907880322,0.025658646814777128,0.026537497756196474,0.030041117272561035,0.03199807417027102,0.034764649166672754,0.037592067143788016,0.04217614864982168,0.038808615576495994,0.038327041277250784,0.042776067813077384,0.04171238878979472,0.04179558049767722,0.044727077694224474,0.04456564020524245,0.04253866869808033,0.04040375615491541,0.04130494854386492,0.043706197800854565,0.042502568812226485,0.04330951531202412,0.039267008728152544,0.04021654597793972,0.03925768580352636,0.039188600287945685,0.04074050037137786,0.04013899239840037,0.03953430877096671,0.04175939032924601,0.04487514282128527,0.04582813720521288,0.041692039397085864,0.04142370103042653,0.041619638921555666,0.0437604110882439,0.042594281155079156,0.045256277988576996,0.046821800654469475,0.04573927739173998,0.042499831234305396,0.03989787029018388,0.04461318912028814,0.046602421172532674,0.04409875748178432,0.04707050500345805,0.04855179559990057,0.04707891450901347,0.04261263507819353,0.04318358187400809,0.04125616668090551,0.04761322782022931,0.045999841222370344,0.047637491788353054,0.04705649036317945,0.04817695958812464,0.048469851690568846,0.04957297808654487,0.04867749009745176,0.05082223722042303,0.049625132235695715,0.05100436733718901,0.04749399410143197,0.04487144918497733,0.04605700008510577,0.0472231517719382,0.0441144597035681,0.049721078067207866,0.05289203569942365,0.051951708960676024,0.049216451713320966,0.04796388285574697,0.05173561203462829,0.05145461504656046,0.050333022788375856,0.05017656386209879,0.05039094092772482,0.04930010062402079,0.050440095826886425,0.046304789987294884,0.04451167284435653,0.04417670585690732,0.0398207845619967,0.04168502938608079,0.043817862162611465,0.04130402094112935,0.04205821019273355,0.04534374549339461,0.04438713436170916,0.04642897598353918,0.0458334825957364,0.04194896402706516,0.03900886658392369,0.038741697015577684,0.03915989336012009,0.034948751644665446,0.03714724809068595,0.03786730426088143,0.03568562681982096,0.040634494842144125,0.043297813005568064,0.04460718436993369,0.04071044111406426,0.04348356861975232,0.040449185469049284,0.041913450917989745,0.042371544085766474,0.04428541673083711,0.04357826703647737,0.041560006665607205,0.04110774712689609,0.04516396484866163,0.04846695954185094,0.044051174828667924,0.04783008926799047,0.05031244990448995,0.04696618771017895,0.04679174500365581,0.04727133391262063,0.052930511779514716,0.051587020483226706,0.05272692640521878,0.05674561427798812,0.05486615243090537,0.05146852592846282,0.049490161944899205,0.05092356846504943,0.054788702031367834,0.05348629970270542,0.054261808299908065,0.05785938244128251,0.05867879852060519,0.06190275069961346,0.05768419551453144,0.05831678146328435,0.05750987591393261,0.057631124874612305,0.05355841697613169,0.050476455887259186,0.047499202128974294,0.04725350595042381,0.04630583693365253,0.04185642690625707,0.041448466541750384,0.039569661410531295,0.043792792714043266,0.04382280372151347,0.039878640121146613,0.03969911183837009,0.03713782701103223,0.03701498885622205,0.03468480268399572,0.033904458356344716,0.03293041581818307,0.03425140733328094,0.033214205230847046,0.03053142375828871,0.03111469516195564,0.03212238889171862,0.031141933066982527,0.031818795506770275,0.02975590331904894,0.032698209314134766,0.03216576748947626,0.0343313146248118,0.036388733140577376,0.037590897647508684,0.038290956727715625,0.040993739170027965,0.039332800260902634,0.03758814686096748,0.035881535228218464,0.03564381042233673,0.03428062501774097,0.03579535858735336,0.032933695281250314,0.03328796116265545,0.03505794956872951,0.034308112006191174,0.03609114211952934,0.03169805121211382,0.030269577877967024,0.030080546220909332,0.03285819781933255,0.030318495767965123,0.028922043546544762,0.030167518676865943,0.03597882024507683,0.03310359913832228,0.03402684697239726,0.028410640647997254,0.028423435343409117,0.030516300535246357,0.03096861426138002,0.03344443990437829,0.035055597112722686,0.037851388122558866,0.03372251751523901,0.03407893489004869,0.03522619596066262,0.03602559537705313,0.036205448231169376,0.03216293388435017,0.031596392031186346,0.031013274812072555,0.03101009094170097,0.03309586776272323,0.031888764715290785,0.03364506881004263,0.029618208873213134,0.03313681864128094,0.035513920146801645,0.03708742738191101,0.0340466540104922,0.03197579154734376,0.03116770220447873,0.027686203478922936,0.027477521381865808,0.027022854831515786,0.03187043335205966,0.031818398689833924,0.032454707458601614,0.03250244260497151,0.033931452837634254,0.03545788523098338,0.04042430930872387,0.03374771252247748,0.03965110820005821,0.039580276509673676,0.03992118087632576,0.040723106086799535
0.03454132262947052,0.03634783765928369,0.03785643400047242,0.03944838323889477,0.039061100159748174,0.036727274931169146,0.03459079526530345,0.02999984210060752,0.026990439001714328,0.028033478312021964,0.022479601703985885,0.023227601838493553,0.02527344043720263,0.0268862814627297,0.029533479170779725,0.031018486885971613,0.03000609332923991,0.028934073363301074,0.028549285268970978,0.025590191180442992,0.028077355335638057,0.03076021962833013,0.029670818724730777,0.0275132997625092,0.028693966875794563,0.02748095438260026,0.026622692713652307,0.028242608706144853,0.026921147068061355,0.0343329035112408,0.035442152801821475,0.03391204835977296,0.03386116735638524,0.028704287844585757,0.027606915932647552,0.02612176509915347,0.023969303532441796,0.024020035154918157,0.027035564136153628,0.02609882897895556,0.02486259569410519,0.024602807739986077,0.025120383310467884,0.02198270040254391,0.026662020120837196,0.029180995324103065,0.031176826091613208,0.030105134032507294,0.03177665535498628,0.03331040900113974,0.033276348667374354,0.031639590611189025,0.032368326470156736,0.02831419086282977,0.028321578797114028,0.03202940281233337,0.027002423019349915,0.025722494502665588,0.024239184008383687,0.022549705543636535,0.01945088737034833,0.016979111820013534,0.01611526463819621,0.013812303414173346,0.014946712255848954,0.010211819807675215,0.007814420410336989,0.009163172467289218,0.009851006314917324,0.009534007495028765,0.01035315477056474,0.0109555335020739,0.01226548661361173,0.014542235128635263,0.01632983635195575,0.018897999213489024,0.01911632235126006,0.01995178614609497,0.017898280825561524,0.017794712370423536,0.016082099996274427,0.018008312277550766,0.01841910711301943,0.02080335917571262,0.021772577965187584,0.02247904024042885,0.021135585991846284,0.01954964170759641,0.018652045549159897,0.018195026484723986,0.018002311767617324,0.019068643894024975,0.019161366286645,0.018202825261423743,0.020413888453587166,0.019692161074647115,0.020054906995755323,0.02060064420462225,0.021198953812017682,0.023203941636174556,0.022890105783684743,0.023733205594514688,0.023016627499242034,0.025070916776665376,0.025818045135087495,0.02735778873768701,0.026490263203512783,0.02712386988573451,0.028951616249635978,0.02948172356278098,0.029210511987219315,0.029964561724866817,0.030912775269499388,0.030649501144457948,0.030378936207458254,0.03181847334017443,0.03373846923260562,0.03300656196738573,0.03389780883152629,0.033585024315170214,0.03556551389018639,0.03876210825848775,0.040188049711953375,0.040767580384876836,0.042265328015916905,0.041035108589368305,0.04181906797035952,0.042614275362365735,0.0421667825736004,0.04263738927034587,0.042933774100907554,0.0430709235195947,0.045147247921093016,0.04490138995807859,0.045142661787726815,0.04627390255734841,0.04639261465739784,0.04714487234655263,0.047935184036023905,0.04833627894776733,0.04866234195373582,0.04944234180148187,0.04969454205887254,0.050240094012820785,0.050208616197623616,0.05015184318778329,0.05133527995736363,0.05165455715003399,0.05203166183274602,0.05187115299349892,0.05226281416995163,0.05266434560625011,0.05260150583137727,0.05210133682716317,0.05135259744458455,0.05201463638513491,0.05310340791682093,0.052965227160214554,0.05384052924773579,0.05379726515410196,0.05417768085208457,0.05386898266010916,0.05504384147000221,0.05466378061527523,0.055646572589591284,0.05567547754837314,0.05614779313993902,0.05626365931901753,0.05615066385940404,0.0557862439895538,0.05608025273389847,0.056281315223925016,0.05618314653441186,0.05694339496556027,0.05627508425889112,0.056692430320691864,0.05687310912084914,0.05696138572724897,0.05644173783825037,0.05612818686827496,0.05656340755027989,0.057086095379394575,0.0578115155323434,0.057682925665690124,0.05772045267172009,0.05774737730083426,0.05778022721093136,0.058203377350920946,0.05804567965433034,0.058124207056386316,0.05862636200945637,0.060058558584388085,0.06029873890305738,0.060688543956027845,0.06118429336732,0.061440745302151066,0.06112438155658929,0.06102574200480593,0.06046356566117774,0.06108589478413778,0.061080510813639834,0.06069044800838128,0.06103663409314459,0.06100744933964347,0.060580020354355515,0.060560914266677604,0.05982286279721672,0.060044920470524545,0.05942473598129193,0.05924845577687493,0.05922136164002383,0.05952564387936236,0.05959613615986901,0.058964721581432976,0.05862679920842837,0.05860993447383664,0.058251701200962736,0.05739956694105471,0.05690485890868401,0.05719782801743281,0.05736402651925703,0.05705387859827009,0.056697443004970254,0.05568701149808168,0.05524328245206851,0.056159749982763275,0.05584599763761168,0.05546425872919911,0.05426842954450126,0.053620490433033914,0.053274344484588905,0.05375175932432263,0.05280720336394426,0.052809613061305716,0.0522590380212761,0.051322738077460246,0.05024866063682067,0.050248944002743295,0.05039628609137707,0.050439061379900986,0.05066782921557244,0.050161968224030316,0.0491063900423861,0.04933880356400153,0.05006619348821656,0.05019934681214094,0.04997842074162112,0.05004926602088619,0.050616322977553765,0.0508438351475476,0.05056300448522228,0.04965707507188856,0.049113616325887025,0.050077456609863506,0.050107194179937496,0.04926495392238049,0.048614410587546175,0.04855730556916559,0.04891363160804696,0.048546065139504296,0.047940205407009925,0.04716022444611001,0.047001935268784115,0.04654060591989182,0.04703866997333758,0.046824044509172526,0.045684135714064364,0.04544184275186344,0.04463810967704573,0.04459996278782431,0.04521107205222013,0.044554391044716785,0.04549942978442513,0.04425161260379157,0.04342690277466643,0.04300858713015243,0.04316632649090627,0.04402393039809424,0.04410388286278279,0.0449790303046108,0.04566149294192784,0.04519014903049268,0.04502247802383828,0.04507287941598676,0.04395490957792171,0.044327143665276514,0.044132393605237075,0.044289617888058755,0.044660190227177626,0.045843816699306164,0.04486593210202197,0.04600424351888653,0.04488282736413034,0.044304699711298134,0.04222807898055898,0.041322179074963154,0.04095658997506954,0.0419987412359574,0.04185838111538358,0.04211623767715593,0.042253919496343384,0.04207293308276407,0.043324746461581756,0.04322073000484846,0.04393689801870521,0.04559762511922848,0.04413831031847679,0.043989619470890126,0.043138509153287305,0.043333424452428174,0.044910249012288586,0.04649600201992128,0.04532654860011334,0.04469873718419051,0.043747317125039806,0.0429215433957431,0.04347020339413161,0.04527731992004355,0.042718901546405785,0.043895479600461744,0.043980847582718266,0.044032113690334135,0.044321004492202304,0.04511141917647295,0.047861740247712656,0.04917194217302277,0.04958886176496062,0.049661822991927805,0.04850611714574454,0.048226827392843105,0.049006578411083454,0.04752177713513618,0.04699200509661722,0.045461029948656535,0.0452192945665974,0.046240835288703944,0.04533396675792833,0.04701766695566689,0.046713063040509595,0.04662858713428991,0.047170419593701246,0.049351398086511275,0.04915950358783289,0.05121946257356624,0.051386516707933844,0.051299206645759106,0.05078274065551634,0.050608540970500174,0.05156882606393698,0.050640819271247126,0.04819824168827051,0.0463380496404108,0.048973485538066915,0.04884493362212383,0.04644508453660105,0.04733609783414945,0.04634350042462777,0.04616263076285336,0.04478779336451838,0.0444694951614307,0.04319946032241401,0.04367631083564614,0.04145042705322955,0.04124115566999668,0.03950435747944322,0.03907543656877953,0.040668409032884476,0.038747463514551536,0.037294974262700925,0.03541918574460618,0.0343700957582289,0.033577243275203186,0.030527207339170234,0.030356192312701903,0.028589445607483173,0.02730178526342745,0.027329966819733015,0.02957714092194716,0.031730311618301005,0.029665063701508246,0.027725984041366267,0.0275276310136603,0.030929969285387902,0.03032455331666347,0.02758228158443258,0.031001623145541925,0.03060758388789512,0.02944570937207036,0.026320967421004662,0.02630538134570596,0.0305217622094439,0.03026076126217416,0.030350049306341158,0.03166275348245974,0.028902298722794408,0.02871941947070321,0.027060139841901205,0.02667010013454063,0.028320508650277965,0.028349122102521745,0.028890203943074844,0.028669136453790073,0.03066105730375862,0.028857885610845624,0.028322496947616606,0.026193951352861358,0.026227385375552283,0.026740317852867228,0.026877793471124505,0.027448007239045592,0.027016437469196034,0.02191510856256184,0.022160458203902028,0.024842481191118503,0.024549325885454644,0.022654615516672548,0.022987806571030875,0.022128417757707082,0.022440320267540975,0.022222305696332476,0.021771673799746163,0.022589190166385033,0.025899440406117302,0.025093267068443753,0.024995495066709464,0.025809404733635244,0.023921460712523754,0.028545215411860794,0.025070627020385358,0.02556395900892506,0.02450068822415695,0.024675119086223857,0.026634760296626557,0.027483187943436765,0.024760991435706863,0.024851202726108856,0.021577246864159384,0.02228922698842123,0.023290075284999462,0.025380554262847174,0.023799582268821666,0.026338235792388497,0.02486263387341612,0.02195033274741006,0.020900955468067244,0.020625052547233555,0.017727690987504416,0.01752935371613991,0.01618980398299595,0.01819994428471204,0.0187582173525144,0.01650999005744462,0.019985142161825384,0.023770965341926006,0.021094296637710494,0.025446757772893944,0.02752068690649319,0.028481644478357937,0.028973198094160685,0.02644019930272183,0.02597668297346173,0.02370029396828216,0.021298030015203986,0.03014292558167707,0.02525996456869127,0.027711480154584592,0.028029046959508086,0.030169893981670623,0.03234094662377013,0.03164125053676989,0.03122982065969955,0.030292166523695943,0.03038591057923347,0.03046876527962969,0.03319919680760962,0.03437059498943838,0.038723289876719066,0.03806629292784168,0.03625458972746404,0.037625094981474025,0.03565535593648922,0.03646995466743906,0.034717634718463716,0.034050579859300475,0.03318959073023969,0.0332140892020832,0.03445335132445099,0.03343142448781934,0.0361033808055391,0.033524581263933734,0.03474618083081482,0.035259470261138404,0.03789971756320487,0.03613696511722356,0.03326862173511139,0.036075177124981705,0.03459909130472673,0.03362648712952403,0.03345063140479808,0.035957624678932334,0.037936630345181827,0.03880890338163234,0.04009320726404185,0.04280736834527357,0.04520886370909355,0.04591756633881426,0.046004019664536475,0.048372169417956565,0.04662048648838278,0.05313057224231754,0.05144301093343759,0.05086723226809256,0.05255204390571429,0.05002401068572834,0.047940315847468856,0.050012387221571364,0.048092788181246224,0.04785607464411047,0.045503886295412854,0.04707146549669636,0.046637311093328124,0.04473411966498689,0.046704976447636035,0.047584301628737544,0.0486725673536319,0.0428017752337216,0.04283121785665578,0.043581495176976875,0.043463671188634256,0.045392812374203076,0.0462800241343824,0.04867696420674293,0.04876202355045896,0.04537991844131864,0.045508751851237345,0.041249094689379304,0.04178779591420252,0.039085136172156656,0.04309997535656962,0.03944941654091251,0.04084336399889553,0.04346292861057663,0.04323506769895105,0.046685909512618584,0.047642551424823376,0.04788045314009047,0.04269460236666181,0.043634357892088554,0.04665845663497428,0.046772155121468664,0.04841178123525462,0.04731225957991812,0.04679782198794684,0.0492613910728099,0.047747701139410126,0.043549291474836715,0.0449304672707289,0.04284009317117879,0.047504424580275983,0.04476193672752343,0.045797694949925596,0.04206628347487572,0.044259777173831436,0.04027716255465806,0.04151421965396371,0.042000497950717225,0.04442548753288375,0.03992996134740272,0.0391631424121887,0.03832366433217978,0.03699255318841202,0.03749126838216682,0.04184656887917272,0.04295538203678646,0.04233672742895847,0.03993954361810302,0.03808941099185954,0.03785836501838155,0.036172778979203776,0.04112982215970924,0.04403073214162111,0.04293185948010503,0.0415144909860231,0.03709474994779853,0.038812709470073176,0.03725930636953423,0.037320331024758846,0.04114447338602836,0.0415700728294191,0.04212013724379189,0.03482089285840485,0.03704722087507778,0.03571674729940401,0.03413243467392933,0.03398950468428415,0.03230622159857234,0.033557359215543064,0.037151909411482345,0.038961889990531906,0.03520005106429795,0.03500410599767706,0.03361780289882736,0.03030282945409271,0.030398552705515808,0.03023433255843705,0.03139273314802368,0.03133572035428671,0.03497513519242022,0.03430416253115595,0.03600955221475666,0.033651469463721134,0.03571854064631551,0.03782697146292996,0.04251035312480926,0.044253107845558054,0.04267661910458871,0.04464336913362761,0.043691348078708225,0.040888362970905534,0.03920487157877017,0.03922832757711937,0.041931937074342646,0.03817055931810401,0.038480574521349606,0.03916618224162831,0.03578165613202372,0.03839986618077475,0.04201165496245576,0.04017587219812377,0.04069094376098252,0.03852610890170065,0.040289392172694866,0.03666299686597149,0.03624282229719167,0.036220927441440384,0.0386097522449482,0.03309852818951631,0.03453584114532858,0.03376591661961345,0.032123436506388464,0.033678887794997475,0.033487267070541005,0.030336636679583653,0.029721563182417074,0.03126637148244113,0.02972525297053008,0.03173285917407925,0.032067624990499796,0.03267951679557296,0.030053699689644248,0.0297058826070567,0.025694238387941354,0.029204274395081067,0.03538863495551994,0.03524015878236739,0.033846595698845974,0.03506815906059446,0.03689644776491682,0.03496531689269078,0.03039263284524596,0.02974616016701334,0.02855691990792769,0.030075878478103682,0.03048816209642527,0.031942349213029755,0.032877354394039465,0.03556674768699396,0.03590277491632474,0.03302742996930866,0.03766480855455426,0.035889675555234535,0.040182890264693516,0.03747970650836406,0.037641610989078755,0.03949455569314489,0.04091250710725987,0.041151972593336694,0.04449189009937833,0.0446472410430306,0.04295238725825434,0.0443773808477671,0.04799442862659886,0.05052284214644792,0.05352150580084472,0.049805555843976404,0.051077925444090205,0.049588639333928056,0.047149784220616775,0.04765984734368371,0.04778557845880951,0.04774540506597949,0.04698930537959699,0.04416277105959267,0.04308214008359071,0.04088616121874594,0.04055056392767323,0.04088690122144996,0.040488853795977345,0.04184935788007252,0.03939584192181711,0.04527618796255643,0.04767272720682317,0.04447506517712854,0.04291454457543434,0.04218872997704273,0.040176488566720084,0.03821215338894318,0.03832714592065076,0.04371858722536605,0.041958893532534514,0.045708564997198206,0.04224024054684518,0.0412585133598455,0.03975594054619273,0.04242665216225068,0.03885584871276773,0.03692675909316177,0.03359743337143281,0.03215995280499494,0.03418653720607913,0.035781085445208055,0.03948615432372238,0.040416480588711,0.043705456043961144,0.04046988656572943,0.036223523549380535,0.04025499204933078,0.04085614842043571,0.040777062034096354,0.040524953522027396,0.04418029394832404,0.04627877132167647,0.041390795560179786,0.042080601576501675,0.04023126839916173,0.036271405976501234,0.03865081363063383,0.039382548587123326,0.03972281817880431,0.04214242937732428,0.04350739304550398,0.0430534555341411,0.043715667811926304,0.04738577328801344,0.044638688534331186,0.048473053247610864,0.04925636188070481,0.046032980958578315,0.046908394580529575,0.04462533742843952,0.044687395915076825,0.04529771871499773,0.04625524647216117,0.04153087338120974,0.041542009265994495,0.04292653953828632,0.04235111555144311,0.04287653207175221,0.04045329668813774,0.03802921328348949,0.03612839603437215,0.03538731061917276,0.03811698362197491,0.039852607450946334,0.040636926294024,0.043117397766734664,0.0414581130487509,0.042699059370333386,0.046897708122445564,0.04505512994323231,0.04752439400397543,0.04842470634442911,0.047624377198958984,0.04804622129424378,0.04505450706992528,0.04253937427245724,0.03900207632187788,0.037000559895623855,0.03965133153390743,0.03835357140309616,0.037119718899533874,0.03747259651966048,0.0399401042239108,0.04069926583102819,0.03851616821363138,0.034667671944366915,0.03457702658473005,0.0327408834278131,0.035345325302943,0.04062636359384558,0.03731177747057214,0.038628255867412364,0.04197171428776929,0.04223876556335719,0.04465896265119458,0.04638381026178175,0.043348623815999354,0.04279309995896936,0.04392649123717375,0.040561542903073206,0.04284667428132763,0.047427877115500894,0.046239741250506186,0.04677309330347995,0.048856098550083715,0.050324728339726274,0.051035844183398404,0.051180754228701414,0.05345789851481496,0.05263516417903405,0.05250025045469975,0.053844837447446114,0.04712869428204186,0.04648912754579966,0.04603145530057716,0.044491301374009196,0.04277442824821806,0.039769199456814563,0.0406028923063064,0.045837257802613954,0.04696895727026376,0.048110100952118456,0.05106778863334245,0.04741796930817695,0.04525041473295037,0.045831225960560315,0.04799171344493805,0.048285470402376685,0.04773269204023606,0.041758729588942986,0.04279865071401914,0.04173002612334348,0.040390704879247036,0.04161942811167885,0.040093301300634154,0.041756582258188416,0.03965171755306138,0.04480715958269521,0.0388979529832421,0.04301979141718955,0.039515255479267375,0.037622194654732904,0.03883567176140869,0.036688223205606524,0.03251629000679557,0.03618406260041737,0.039442993381553285,0.03868151627494472,0.040523276437200315,0.04014758790573446,0.043376271639418415,0.042292658948140105,0.04088599255253829,0.04011360249234776,0.04470654898676307,0.043931740642162334,0.05101414889379893,0.050596866850414104,0.053042991159675854,0.05706066331903113,0.05279951235685067,0.05648868548303329,0.05465473726661384,0.056176311763506084,0.05343383463678987,0.05110279639930991,0.05349480033274848,0.05255222459761508,0.050684709446932166,0.05142592195136743,0.04734770463544369,0.05095392683207356,0.05141494478536629,0.05097849832441202,0.054709286808162644,0.05714329903901759,0.05636439130547387,0.05777956680650072,0.0542502891840512,0.05208905653621031,0.05255870573659756,0.05495632922183037,0.053578381072548864,0.05626310344150143,0.05284892118653542,0.051337792768726964,0.051295442504077804,0.05077880285143421,0.05357221104605919,0.05744783789624801,0.055967652993438255,0.05532810629284672,0.054905775778569435,0.05654909475940821,0.05146764842034286,0.05353072884003371,0.06284536969524941,0.06306207447805573,0.06202869132907944,0.06407766196030461,0.06655546640766433,0.0644370288392593,0.06535637851885219,0.06257337149914277,0.05874195398020533,0.059725278333722445,0.054818506954622995,0.053667336892708445,0.05313100423599497,0.04906985901929477,0.0551785231813095,0.05496951706616966,0.053219082485593996,0.051910541547700306,0.05234588960292896,0.05226234212715905,0.04586727475451911,0.045179510338229464,0.04409549861408196,0.049183786059305235,0.04465144120629683,0.04350560059804985,0.04171142030940542,0.04353968830038536,0.04804936756440083,0.046234667707036645,0.04396087235431108,0.04413293664371183,0.04206781354504982,0.0420276612008164,0.0457692833826662,0.04586951190356514,0.04139089721167198,0.04212253665032857,0.041479199267740435,0.038853998507062476,0.043738056489688135,0.044851935697513695,0.044849958436822324,0.04473599160225546,0.044995080552197655,0.03900870937019732,0.03951438399285548,0.04191100450042608,0.04440529390997364,0.04566714032198463,0.04601730411454924,0.044031649576092693,0.044140969199413654,0.04175454848628529,0.04007305596888988,0.04147278889535777,0.04134127740885374,0.03958934605711334,0.03939852906288095,0.035434847386240836,0.030309805659961955,0.03342667038472319,0.03375946368282749,0.036791560795104414,0.03672118599917358,0.03496814659113294,0.034576813102782475,0.03486901644005887,0.03668067468268163,0.03439114001969247,0.032321620254136485,0.03197580696067959,0.03534428051294253,0.03404242322164294,0.03199373671199722,0.03441669887007477,0.036060330902418614,0.03826252662266977,0.04311944611222908,0.04238903873044414,0.043581675237919046,0.04473305001377133,0.04101481944204999,0.042833012448233176,0.04237445471691914,0.04079118246233998,0.0426246346993627,0.041983226169488505,0.04629744115560473,0.04521193321334943,0.04818064008801928,0.05130119513775916,0.05103591289202547,0.051476144264049783,0.052142865902935334,0.04923169560338035,0.05140231349953761,0.05018753173611151,0.04954338114823745,0.05167492417832259,0.0532341205080292,0.056279691576820515,0.061337307709355124,0.06058807069444623
0.012217687722390139,0.013055751616178654,0.013243192865411105,0.012032390351475242,0.011665694995023262,0.010104047215004477,0.013954575811266856,0.014548933210233733,0.01653137363161805,0.016609772136771367,0.021987378735659563,0.01966497873347413,0.020822319686289198,0.021651968608459915,0.021605928996863547,0.01817879378044343,0.019772637683433805,0.017393764277428822,0.01516348154214213,0.01099048342609013,0.012379802139410756,0.013477786826166696,0.012303486888636639,0.013549289536580439,0.011686726869808511,0.011506922865380353,0.01246341259518989,0.01311559075266401,0.012712799987016701,0.015030866211612912,0.016243135422903315,0.018526229253933907,0.020267446624328403,0.020139610091448545,0.01956768323045642,0.017446982611497158,0.017190132299151784,0.017277120717597627,0.017026018006138705,0.018453821540474646,0.020876205989954752,0.020498516001252617,0.020329621328323097,0.018809310208069432,0.018395594038598417,0.01640831256047484,0.0165401780474084,0.0170661327471774,0.019092229966983745,0.019675820467293575,0.02322191120789456,0.023800526843036005,0.02854418277426926,0.031114771462215238,0.029100795618808573,0.0276394518720266,0.02887667523371286,0.02537649460210807,0.02907464283712985,0.031521411658177,0.03663988023687627,0.036071479509598145,0.03890362252510125,0.03841589273181305,0.038850266472535255,0.042984951890886136,0.047933883737138694,0.05032129017407119,0.05494590166469643,0.057036702972252204,0.05791820037948599,0.05854739271166025,0.058858065939684096,0.06060719123099423,0.06218299853850873,0.06270393046048313,0.06537065029178216,0.0669521773735609,0.0720604005608203,0.0744735509648714,0.07573284945511027,0.07988242856989716,0.08317949130820312,0.08532502029176701,0.08411616989294893,0.08622900425266788,0.09143230532310934,0.09615304596804258,0.09744838683663737,0.10027117752069897,0.10213316083204599,0.10216999508097008,0.10262220001641487,0.10515224991353692,0.10506575150637354,0.10450076383395471,0.10665674589763546,0.10807905205819326,0.1076980625870783,0.10750461592907314,0.11083467918554835,0.11226601564899685,0.11370679566182842,0.1151844642896985,0.11874133889566973,0.11976743112362817,0.12082806177207914,0.12295955413583136,0.12466624817474141,0.12522999094723308,0.1268221144385499,0.1264327876044412,0.1273311271446754,0.12691434532475027,0.12728792380501205,0.12779697381596078,0.1294727040679951,0.12864227288050908,0.13115760146257302,0.1312123112550662,0.13250635005362463,0.13476181937022477,0.13616853360960307,0.13700654093775538,0.13863202560529517,0.138518947054011,0.13790186560362172,0.13793608333319893,0.13793505706609105,0.13892709141325468,0.13979771355079992,0.14012195406183783,0.1406365185393466,0.1406529604041866,0.14120496537024804,0.14323281878208585,0.14329579392134031,0.14413262129720622,0.1443642592294415,0.14645683841328241,0.14696971782994,0.14687117703377783,0.14791326442566868,0.1483193076191033,0.14776747430606793,0.14745518426352608,0.14774815753761425,0.1485325151528526,0.14826691549049803,0.14869690782415698,0.1495374063685697,0.14960370506839213,0.14924599936969898,0.14950567691813407,0.1483333004215335,0.14947084158451862,0.149375444616432,0.1499537234592017,0.15076465687218407,0.15012203644311953,0.14997272079920448,0.1494461457018319,0.15055380444610128,0.150293710765717,0.15073519557702517,0.15044815332924194,0.15077777315666177,0.150918719345757,0.15103184531984387,0.1505610829338437,0.1510855488572463,0.1511258520750874,0.15091030783392706,0.15163046716259265,0.1508958082226677,0.15119512657075418,0.15141702046305128,0.15143730886580412,0.15089114331022774,0.15074151318030554,0.15118231488524062,0.15156110207149753,0.15225588695943512,0.15201624498871136,0.1521807021500156,0.1521103558096557,0.15218118309310544,0.15256309433942003,0.15248180000881237,0.15245764159110314,0.15290632752298855,0.15428599969010337,0.15454679476701827,0.15477959167929706,0.15521866007734053,0.15547770207767247,0.15517092966198018,0.15505416862203897,0.15455086706247673,0.15529432191682152,0.15531730889176704,0.15508985026459501,0.1553389377885877,0.1553643564379196,0.15506658395287623,0.1549383993330166,0.15454484229511692,0.15460047001077104,0.15411257717239035,0.1540114740239921,0.15407626733556787,0.15443566349135832,0.15464544074475028,0.15423400040717214,0.15384027310392803,0.15394373721155874,0.15381065791585954,0.1532811907353949,0.15334935711534403,0.1536235736262377,0.15359688923922857,0.15370862640499103,0.15326214735515173,0.1530265472672568,0.1527661392151753,0.15317771614543613,0.15292461677290636,0.15283774486875532,0.1530641458908163,0.15280465109505345,0.1529959938430554,0.15283441861479954,0.15228165421047532,0.15141915593382885,0.15049923639542426,0.15024914084963284,0.1500602629750179,0.14979552907656588,0.14905691140924832,0.148458952069368,0.14891789081611978,0.1493894898808901,0.14923506646115217,0.1496193279027036,0.15012168340695153,0.15052056572613026,0.1501966971234228,0.15050232873856328,0.15085541550654138,0.15153848812651854,0.1513072891597688,0.15126606208526355,0.1514882687462097,0.15107289061640383,0.15118779843491298,0.15109931247351321,0.15050739119071838,0.14944508539407955,0.14889855188955525,0.14931109575788024,0.15038391267465717,0.14916984919529527,0.14930392220551672,0.14992298782448296,0.14897576308123991,0.1476909528598555,0.147280672846786,0.1471680034394206,0.1463088812040591,0.14719956404972218,0.1464349038097315,0.14648079291105282,0.14651464192499689,0.14631105260183264,0.1455808830636095,0.1438810532976046,0.1435626823068257,0.14421428652720816,0.14337972589775144,0.14526697076271175,0.14447571240820634,0.14511043544545002,0.14460801288684264,0.14426108155171555,0.14485489295063914,0.14569007474744605,0.1464778019482054,0.14647289243731404,0.14624865356823982,0.14676616039099566,0.14756394240348406,0.14715619756956555,0.14603398186291489,0.1462678653831742,0.14565877544861375,0.14641303269360534,0.14611573656433277,0.14707550883077047,0.14526104011394209,0.1467971551228695,0.1460796594561911,0.14469278483005074,0.14466907607989674,0.14466764100401397,0.14328122658586584,0.1449112990067454,0.14227570915091273,0.1442375427321251,0.1424591216381837,0.14357244369713232,0.14408700047105988,0.1453283402600609,0.14492887332097698,0.14592848656859148,0.14640121372275527,0.14684026752712787,0.14506752069289197,0.14648138688888993,0.14834575756427115,0.14689935283593836,0.14764621418520463,0.14956990161683442,0.14950412008693528,0.14916899675283568,0.14843432595038525,0.14881568096813577,0.14976761735885508,0.14978453917351509,0.14851573490817502,0.1490203418525757,0.1464801350938605,0.14741905781947023,0.14801521910358628,0.14883271303891393,0.15083754361572393,0.151710267408868,0.1529764300894496,0.15308669180035703,0.15267514401243168,0.1524969028425642,0.15223804746825834,0.1517051068554951,0.15003229902809528,0.14951922631931067,0.14973985148987112,0.1504281445595522,0.14833085128137316,0.14877180982191068,0.1512317751728938,0.1499167764521347,0.1492763812975851,0.14880543937806778,0.147941277615767,0.1458842633116484,0.14257407158050733,0.14436773097617026,0.1463143267572713,0.14529505282054453,0.1453653016854446,0.14745640794106799,0.14670445307400337,0.1481476462760701,0.15060793820734805,0.1520465928018898,0.15180187990373661,0.15246699526034696,0.15250202359425497,0.15342016651655807,0.15124934542817547,0.15033887530141404,0.14928837558587044,0.14876042571581471,0.1476861004818043,0.14825795137695483,0.14652527382795513,0.14840872675369035,0.14917868057889433,0.14697031715515585,0.1490694844593843,0.14767471659588596,0.1456805777526036,0.14377194685563988,0.14432953752504768,0.14449337082839014,0.14465764495684844,0.145902709330059,0.14449209749419278,0.1440625616649199,0.14300596165513685,0.1472531862237053,0.1474612440167365,0.14918172255934609,0.1516016966446776,0.15105818481025857,0.14900509057406544,0.14724083715843658,0.14619516897947005,0.1442146848113973,0.14450581365421838,0.14469295199749946,0.1438428639366371,0.14110811227052097,0.14038496221176028,0.14060584224276487,0.1391837860725143,0.1376802255331243,0.1370146974456356,0.13415088958967297,0.13279945804566837,0.13605249016081733,0.13600658397424853,0.13728330148595147,0.13946130823837843,0.14120208107585974,0.13992623047252156,0.14210963023244608,0.14472004867531035,0.1444521055940822,0.14384275827387366,0.14195839948230918,0.13533951841732245,0.13343018738494944,0.13204211064451032,0.12848770625769074,0.1266689009937154,0.12723694922486867,0.12387185615168718,0.12391227026203809,0.12358167083639172,0.12589075953311568,0.125235219174694,0.12615239319888588,0.12764508317321172,0.12937345870825956,0.12944019988903066,0.12816491049653453,0.12444019379626108,0.12599678727064037,0.12748315714361064,0.1251000221124704,0.12390472587924985,0.12146758226107846,0.11892600005242886,0.11737241714906925,0.11889639077064056,0.1182311253742306,0.11762158318106415,0.11807469772847384,0.11454758281154777,0.11705787348030873,0.11843273381028964,0.12203370252561707,0.12138694655211783,0.12170534144724009,0.12523869416432729,0.12444487882146506,0.1277249101110926,0.12824522826032062,0.1312676251881112,0.13226145261192668,0.12985438287395268,0.13135768975252357,0.1324030849995652,0.1321132434329459,0.132358878250019,0.13262236352928358,0.13365320877901832,0.13402090531797295,0.13576055699311385,0.13774771585433387,0.13772398622152876,0.13527907563390767,0.13593125389978034,0.13491807164762443,0.1355644168238877,0.1307002086338755,0.12552928531831503,0.12796850876430027,0.13035652788584887,0.1262614863980393,0.12766800453602573,0.12967554692516065,0.12553424131168364,0.12327127436952208,0.1220650832877644,0.12388836531665458,0.11999727145526248,0.12207505165454771,0.12206106146815218,0.12810967415926705,0.12679722882314837,0.1279558755302882,0.1291740465271693,0.13086690752048896,0.12997920761620457,0.128547377594347,0.1265258863060206,0.12985054465004722,0.12927023630669507,0.12654894118008764,0.1286086598015896,0.1306442951438687,0.1268386684848517,0.12881669532993012,0.1257726458493042,0.12986814817257233,0.12685325539296632,0.12597752540634038,0.12847278353903516,0.13391666712150269,0.13561458060963907,0.1336106288063264,0.13578148029557313,0.13423138765374848,0.13386324154635698,0.13213742114488786,0.13293919520550573,0.13298495980929967,0.13455725676805136,0.13148729292183872,0.13123736618261667,0.13578594403841474,0.13640252632898398,0.13870379038402889,0.13608862561409063,0.13601238025270695,0.1388652613154957,0.13690513432504797,0.13683368730450166,0.13925795469208369,0.13898203106099932,0.13900068734690518,0.1398052287877916,0.13714665356128186,0.13160525213756596,0.13383219382075212,0.13298376297134434,0.13460537656625632,0.1309989790057623,0.13461595137656968,0.1355474221247997,0.1360943728103633,0.13896259457277443,0.13819072524697534,0.14029063069782016,0.14114764110042144,0.1398037943632064,0.1405651860609682,0.14298842672143353,0.1419349912363439,0.14159095387542733,0.1417538266113052,0.141704175356697,0.1430478545530754,0.14067813866698797,0.14026379612993223,0.1372036522695793,0.1364266367432646,0.13755321326806647,0.13397870015461355,0.1360257408518265,0.13848457660619007,0.13971135585147504,0.14451902531954486,0.1417794495401878,0.13969456710513853,0.1419730334285313,0.14100953932358556,0.14293476484645506,0.14136339408335097,0.13952615078946223,0.14522035558841004,0.1421781769280701,0.14115231691962743,0.14566390324685993,0.14692684505888223,0.14780535194527872,0.14720019197567402,0.14950270930913273,0.14673957022939227,0.14655758784686462,0.1495661721364296,0.1489136499062828,0.14871594648074885,0.1515273905935599,0.15350101067799135,0.15344401597353843,0.15485574831480375,0.15607400270888624,0.15257877801289266,0.1486935714970185,0.14795589032360443,0.1482393704474876,0.14721943480751523,0.1493268726092493,0.146908118363706,0.14734492891273931,0.14800732731690508,0.14757517266957973,0.14397416904543864,0.14218585389282828,0.1426465775922124,0.14270702604861246,0.14083394535962906,0.13805484520185501,0.13182106798575327,0.13114151366309182,0.13162400962485765,0.12756630305468844,0.12944654235080835,0.1270250521391858,0.1363001279807944,0.13497029814293843,0.13230451701486787,0.13747141641208413,0.13728986702023283,0.12775746454246478,0.12692970477547103,0.12644389866608968,0.12865541332137648,0.12777552299547368,0.12430789154275179,0.12531404923719242,0.12774530562701186,0.13044247481925209,0.13108246741974783,0.13319275912118594,0.1340679980926855,0.1349161184378836,0.13462363930868504,0.1338865078550207,0.1326208667514504,0.1317133004307203,0.12664994668732366,0.12740958235258704,0.12476155291550858,0.12335919993227243,0.12075545676784133,0.12178773699847797,0.12267418413788689,0.12210871801350454,0.11670534515979997,0.11165254778700393,0.10991299982035954,0.10895790407561362,0.10836508542565101,0.1089842263954792,0.10959334838507204,0.1083369068751999,0.1088532622067116,0.11043422046260926,0.10888654475048526,0.10719767085364071,0.1049596952435353,0.10511239982245424,0.1069009080186129,0.10455373835638926,0.10745785827642962,0.11123385474002812,0.10968714399624271,0.10713455451750675,0.1103399980646741,0.1119747337769493,0.11115631662336714,0.11159240050415287,0.10993687788626633,0.11217227231662849,0.10821436998885284,0.10946265857757462,0.11185117502963454,0.1080334438324449,0.1109206584989885,0.11397972184463429,0.11383203616278317,0.12029570816223725,0.11890350094722524,0.1206438989163276,0.11814400637083067,0.11963697139644641,0.11963865343180916,0.11658851223635847,0.1152007065623655,0.11469528388407421,0.11565121641992526,0.11909396372889275,0.11932581985581417,0.11620364980729803,0.115769054683382,0.11304444513253259,0.11513217055092198,0.11860950474912996,0.12185884856998591,0.11899742826057194,0.11857598117114615,0.11812077851337546,0.11584372032717735,0.11124407845450712,0.10803631460777405,0.1099338403794011,0.1101837005613081,0.1153719858686593,0.11625852840429857,0.11560998631074074,0.11996774487888337,0.11875281205971294,0.11971088336011376,0.12416655556400122,0.12644811214073226,0.12648728291879277,0.1293561119904261,0.13304351967912753,0.13021612016690728,0.13210124098666745,0.13402017109253794,0.1359639275765963,0.12763977035920784,0.13060411588870008,0.12896885065168598,0.13456833350024366,0.13469571915077383,0.13149110232547442,0.13259417810319557,0.13575218704494113,0.136984026538331,0.13671011892851448,0.1400256807934362,0.14068763061494555,0.14074664714156665,0.14113437363053744,0.1421033432297245,0.14331661697006504,0.14242115325054006,0.14439228273749002,0.14311322362191056,0.14216965385911134,0.14198775894270743,0.13787635139900997,0.14564767868678757,0.1472849265189708,0.1469782757096567,0.14814207652844036,0.15193552962141002,0.15431495996583722,0.15006893334853288,0.1498726246744582,0.14419345148584964,0.14084675528331003,0.14228460096533557,0.1411986940002323,0.14105395827069497,0.13930152333181045,0.14058772137262307,0.14280684169443258,0.1464177336852653,0.14435704402673827,0.14610416390006173,0.1441786512550191,0.14335384189075895,0.1436088666515971,0.14369127915172508,0.1452429343438526,0.148553128508402,0.14870220927913408,0.1449268368975194,0.14320272493933003,0.14074182955886239,0.14462865321439541,0.14388297488761567,0.14971980421422093,0.14511869392324084,0.14727734537638645,0.14601149819714437,0.14735106829844616,0.14799268849248814,0.1489455100023299,0.1468210386302225,0.14553918642162234,0.1490887569359943,0.14859423251473178,0.15019536009731393,0.15515579196439858,0.1542406553876245,0.1546271837177316,0.153421932795223,0.15571571345477503,0.15721234357323896,0.15732607005575047,0.16179554849048844,0.16034696656299405,0.15892036779768245,0.15802323009299685,0.15654511755224174,0.15754118817761437,0.15751576053873584,0.15381144436334482,0.1540051746484915,0.15480248081310846,0.1523053541582987,0.1537051917577296,0.15388786615847777,0.15335600172511937,0.14690762338738542,0.14975796043391085,0.14607075599205296,0.1460800945647334,0.14585329941707123,0.14415009120047803,0.14319657283642373,0.14759444579522127,0.14626488899491774,0.14435820996765297,0.1444349804527256,0.14439554703526347,0.14266953967003246,0.14667639891517611,0.14531476213062924,0.14550960387945952,0.14584625479568014,0.1457193906434333,0.14169866453609511,0.13973673585476398,0.14257595145317747,0.14196313789920878,0.1422244309650601,0.14410027656857036,0.14900125532478206,0.14994710142148443,0.14916224670317346,0.15014753930446628,0.15215392683383444,0.15280748337048708,0.15438923247604097,0.1514356201664473,0.15192192239776986,0.15030230237432873,0.14650735126771453,0.1488442552095207,0.142085992540468,0.1424062280678119,0.1430744575999386,0.14192637318233484,0.14235125012621286,0.14403603621550579,0.14587895407967733,0.1450257774244407,0.1404540402558448,0.14530338926739067,0.14519376090359684,0.1476124988418565,0.15355301772199742,0.14899383077548445,0.15176151171740765,0.15390642512430047,0.15415744416570726,0.15529742534491206,0.15435989773450853,0.15629969418737943,0.1524784838810125,0.1529882905192832,0.1549912932504893,0.1546484716503773,0.15760756564626538,0.15814862873099633,0.15587461173453773,0.15891747073991017,0.15730132393550994,0.15974477561409245,0.1594729367561309,0.15871450685646726,0.15843541107542258,0.15550645064526308,0.1515648877230202,0.1510425357939176,0.1510478456412414,0.15337190197160785,0.1540222997385177,0.1529392490034378,0.15883155723898,0.15842999760507584,0.15957922874163957,0.15961048577503498,0.15632208152577243,0.15941544210278494,0.16218805315595936,0.1673991515932656,0.16689121898032439,0.1644469105217537,0.16687573021870178,0.16568003600283282,0.16272358154691063,0.16943016526771176,0.16781428640544732,0.16863063200453288,0.16561519061704644,0.16870527040901032,0.17494063162800863,0.1744071817369275,0.17622338325204082,0.17791354297559187,0.1817658135779174,0.18369175804805332,0.18250188704203527,0.18066583004805137,0.17650103939522255,0.17288183626448117,0.17332620068919116,0.17200534688947344,0.16882711509241308,0.17016485932514297,0.17324755022965438,0.17294639537494166,0.17185287048474535,0.17380693897341223,0.17975016890995615,0.18254131886659566,0.18645470903630007,0.18980579183809573,0.187461286460852,0.18394546723505717,0.18048173428598852,0.18211858419534538,0.1816737494036032,0.18447136478443324,0.18274385267203352,0.18121624159858576,0.1794092838595391,0.1789006348021296,0.17926124555620734,0.17981181354512457,0.18249462817484705,0.18805735179792876,0.1868142793215966,0.18899341733625055,0.1841858814643328,0.18134514144992275,0.1790011534426775,0.180239124431905,0.1783417725662749,0.18130047620631853,0.183543715059499,0.18136538087223725,0.17840836299118473,0.17628699731221384,0.17605917272806354,0.18008643035619396,0.17914715138698822,0.1853608457372127,0.1836214408556309,0.18453912914025355,0.18227731078490228,0.17624860940382603,0.17276809771247054,0.17376052317877658,0.17621228935553396,0.1753613706626912,0.18162242023032016,0.18899684594619107,0.18348896562881517,0.18137158782298132,0.1839639667118759,0.18181844168841835,0.18483946383875577,0.18401729341766973,0.18139643978217423,0.17865263607861231,0.18017878821220268,0.1811855719205849,0.181372210818247,0.17929482426840274,0.18413123749648,0.18344603137698728,0.18494722448128106,0.18283116545980463,0.18496467745352105,0.18595248432757308,0.18651733990568642,0.18808790196558484,0.1883606658165295,0.18642599196704437,0.1916420481588487,0.18969176603353627,0.1913130261779861,0.1919558298533809,0.188030946841954,0.18884183880946054,0.18595250552214654,0.1841798494301876,0.18403065737965194,0.1864264215551754,0.19000049091504262,0.18926787590235533,0.19231577124084745,0.18937270117210406,0.18353084650261564,0.1825063591070604,0.1806086358976028,0.18137750598126187,0.18274264996031486,0.18186828093831284,0.1857839544014445
0.024474986929857348,0.024694946463917358,0.025604876010530325,0.027677907631124904,0.0268221543476483,0.02565306814564955,0.026120699636382486,0.022474006744686165,0.02087766361762143,0.02191914396072578,0.020655530184072485,0.02110326221760897,0.02244279977055627,0.01999951831039197,0.019883107789622226,0.016321498830063577,0.016310428472646216,0.018973624892425087,0.02079968898797735,0.02368412482452821,0.025496780032847527,0.026760612996923644,0.027925064206171253,0.028079299179770076,0.027318311460338515,0.02871608467531507,0.028699000545306982,0.028086901778511322,0.026580484460039508,0.023153831419660702,0.020412843957322936,0.019619122286343847,0.019646356206006806,0.01999396402363996,0.024301551509524864,0.026492422426079985,0.028053437389302077,0.03235304988424088,0.026132941775962384,0.02827851037851644,0.024652030936775315,0.022244157875966487,0.021902920398669916,0.02018145988666753,0.020790521198314614,0.020332833256613468,0.02045978619670709,0.02384122168418131,0.02229273151051292,0.020791497448049333,0.023907917483504834,0.02334977207203416,0.028609635979705526,0.02758946834566999,0.027985764647344584,0.03053818278073779,0.030640317487014963,0.029805893166279816,0.02921610299112804,0.025882632289567005,0.02552906014939489,0.027666374082009428,0.02605750692615274,0.02356318584284498,0.02397896772481338,0.022691638473322555,0.020880807996178835,0.017226314038642908,0.02127513467058608,0.020675332235062627,0.0214730454592365,0.02255229168666148,0.018927941442391356,0.017772700603236047,0.014486543294990592,0.01607530461938069,0.01639467426578533,0.01831745174919734,0.01949646873742672,0.01840115694696727,0.020713707437086178,0.01977735392849781,0.01985449241032783,0.016796393905952,0.016827902729977334,0.014852860283205874,0.014471184324012065,0.01144352913933562,0.011313848870356302,0.011242318606809076,0.009700731311461628,0.00864564426258728,0.006016168416758762,0.00636004953163926,0.006169484920400287,0.006030954005525967,0.006452040620194999,0.008346188935689662,0.00837580441165979,0.010566791167269461,0.01062919369672239,0.009836068432214122,0.00985365044504322,0.01099614359196881,0.011017104612135033,0.011608940403825787,0.012407877255587046,0.013493590073712185,0.014328902175792798,0.014864447807415953,0.014973502685309333,0.01524130221150266,0.01487412326342032,0.015480498001468883,0.015468399211558542,0.015693274740941253,0.01746869447113713,0.017053064124351123,0.016531643466845852,0.016250130684442584,0.017370208814882708,0.015670184463556946,0.016236515258033195,0.016198114595356868,0.015998895661460438,0.0167873471798171,0.01796722123170834,0.017813888206516436,0.017538507633456674,0.017183878404616548,0.017058210204753267,0.01774541270695003,0.017882010556155493,0.01846056612822277,0.017069015972582216,0.017067899205176543,0.017452425612863993,0.01794586983798,0.018928838523916296,0.020227003961885436,0.021212722728770894,0.021353077776861837,0.022153860591639762,0.021844690894560488,0.022611342929198395,0.022532516242920998,0.023027879678236586,0.024980371122433755,0.024316761422951406,0.02391554048234906,0.02446957929189114,0.02426438632820694,0.024588284544911524,0.02468176092246626,0.02324424239761517,0.024359651079656514,0.023874680962001883,0.023427890910221065,0.02430521699154756,0.02369368304870679,0.02368702671829312,0.02274699692368823,0.024210675226871606,0.024083055228377215,0.02513187518011977,0.025131438859624558,0.025379263820000574,0.02599434537140459,0.025876177484885785,0.025301251737151604,0.025570780316685544,0.02544779524875076,0.02536417174721762,0.025974429843054463,0.025287268903161075,0.02566545568244778,0.025709220472445723,0.025913957073275772,0.025459474982770937,0.025269611070082177,0.02580836951386893,0.026239622686308015,0.027050411064983407,0.026948279001627905,0.027026049113194128,0.02697848395138861,0.027111606128561422,0.02748353747199335,0.027418259177816727,0.027364791123281565,0.027881891081472248,0.029272881363109512,0.029509785448009446,0.029765950875992007,0.030181176608552157,0.030412206152260902,0.03012167685766948,0.030022115415891282,0.02952187662328378,0.03028737898565277,0.030313437294245543,0.030004967743031064,0.030232943121341487,0.03031316969067754,0.03003518213012004,0.030139124569808565,0.029880889465481675,0.029836562506419712,0.029455813736917368,0.02926930300967609,0.029177045357264977,0.029399165600408894,0.029530155569000197,0.029136007567130737,0.028902179035254008,0.02888965743924352,0.02880205064006791,0.028074995304698112,0.02770977833461981,0.02764160412983547,0.02686787402678164,0.027024359126287933,0.026274088659725255,0.02618901984472804,0.02633748621345468,0.026828915201424892,0.02679366624012103,0.02673350749261278,0.026926278911548467,0.026327078817964148,0.025858333131648946,0.026054836898876638,0.02603503968355913,0.025343459835250985,0.025265998626029115,0.025036563917683892,0.02478306041413609,0.024462144597878793,0.024412325175058508,0.024775024353403334,0.024777196951634488,0.024291819589684537,0.023871861190406702,0.023309722614152255,0.023512800405639668,0.023791558011363206,0.02401769757067699,0.02395848079837981,0.023818251859433363,0.02444715964575816,0.024834858235049738,0.024873921335987044,0.024783612881294,0.024758929270802997,0.02350303934256668,0.022746165040226786,0.021946532058654315,0.022102172017619236,0.021770967614830675,0.021132920479535217,0.019807941962363493,0.01989472133310581,0.0192033067887933,0.018719413380661857,0.018171219610744076,0.017723954994281792,0.018080738934055263,0.018886438490218444,0.01873658895793483,0.01870261597876977,0.01846722874235939,0.01862463567968506,0.019398510721923105,0.018714879293626658,0.01849562966150111,0.017470302256220413,0.01791743812803536,0.018394446359656612,0.01761248624840171,0.016610041466692968,0.017621140304446392,0.01737746352349817,0.01590551428336482,0.016837398580045484,0.017336607553673146,0.018655019981118025,0.020412911792375855,0.019786157903995624,0.018719079417466367,0.01732991462031329,0.01733989096966992,0.017338773789756262,0.01588746835939257,0.016682409865696485,0.016184135897080766,0.015738446038844493,0.013394849861376106,0.012828471735402708,0.01321595391305443,0.01190853929302177,0.012839983674325497,0.011088649415413359,0.012307718769648545,0.012156968892656488,0.011913520277664225,0.014076072841200913,0.013873252929964643,0.012641955448666014,0.012154320173518182,0.013208472938054189,0.0149171288943345,0.01376250319651915,0.013674348932831721,0.015270135601599264,0.015704490113559576,0.015224828775500087,0.01411522723954605,0.014754152816419255,0.01273199592153055,0.010998835444224336,0.011225878584267268,0.0106138543477996,0.01063683583373206,0.009895359205532632,0.009494005641605317,0.010843076156732023,0.013080837635200217,0.013313294331436513,0.011768511992401413,0.012551264640574551,0.010719301526986205,0.01160970356937719,0.012278698117114482,0.014089370934275959,0.013785057506750194,0.012643831449356366,0.011650536551148678,0.011067543127624556,0.010230078833098899,0.011561832529239709,0.011652605686686891,0.014081235426286288,0.013240349985374683,0.014792262815481544,0.01548613807566139,0.015817601353606957,0.01664850402234328,0.015597985420766285,0.016469978698860507,0.01719164870295716,0.016737806665317913,0.01743977991324494,0.020692674458414426,0.02361159888813514,0.02749223255164486,0.029254609765813566,0.029799160181918395,0.030850719380668426,0.0290572219261337,0.026752331153518764,0.025016979581667716,0.026103170774454003,0.026928174989249723,0.02934462587703482,0.024472568054029066,0.02552664859482493,0.026334912861344227,0.025425857826622697,0.026710300429701316,0.026044206954972747,0.024480473872427452,0.023578813128835183,0.02392166936216697,0.024296816437757426,0.025412769024391622,0.02654683354272893,0.025524722394184643,0.024432458381053505,0.023872644026646753,0.022719611931227526,0.020967488410914878,0.020708810306732828,0.018310170753397616,0.019400008918201456,0.01860662089943322,0.0179073332244302,0.017075356857990873,0.01769265370276875,0.019161725745151077,0.0194066745824015,0.019072182658160547,0.0179184286147464,0.01949967359930945,0.01747954848456599,0.01875332838702145,0.017151119013529566,0.017493475007309266,0.014320726621916413,0.014157759668622115,0.015896138674053102,0.014821501972755023,0.014799824517197677,0.015830040939313596,0.015291748018432812,0.013558112151985179,0.014100183248463335,0.011915751533947791,0.013108956711871636,0.01264738902044888,0.015546683571365412,0.013018952500496991,0.015458176006749584,0.01386467282458715,0.014584692975544232,0.014812388554395026,0.01679260431945334,0.014803755989321939,0.0140190146801447,0.013536841745535232,0.01340809387277847,0.014619359584748574,0.01553646711857775,0.01882904034581937,0.01768547713574023,0.021120292694247887,0.016171326516176858,0.015473968900433191,0.016560358807889704,0.019385155434458116,0.017920015860232515,0.017740702497991936,0.01775558941700179,0.018801771446195326,0.01867402175550132,0.019412680986628787,0.019717976783525153,0.025243795183348294,0.025567373295754946,0.024460049194458766,0.023259522324576405,0.02096041666611887,0.01721476570406831,0.01714486142923166,0.01479878125300401,0.015258907377145636,0.01620472478477672,0.01704175381533623,0.018330927954135948,0.020471719703958446,0.02350377300856172,0.024123679438149664,0.024476578941387356,0.022858621349576537,0.021898184307529128,0.022636786504737723,0.020445665281848012,0.021403651668082523,0.02222745917711315,0.023335241130900602,0.02258523123106291,0.022585952875026447,0.023545818423494687,0.023211362926218837,0.02476726196859256,0.02439384661821624,0.02317984192986152,0.020368782798267857,0.019643428339815645,0.020967400347370192,0.02048858632424528,0.018518432426990583,0.019662442267831953,0.021795009356912358,0.023912914216126513,0.022664414775680472,0.02255623883865774,0.019731615228933665,0.02234627549313932,0.021149671039060396,0.02015775613094757,0.020642172505919848,0.022144204179705536,0.022462291063296676,0.025428790918172038,0.026771414975639243,0.026436973520738392,0.02622959166234723,0.024270146212085543,0.02104332152674234,0.02117969825143337,0.021542744590214435,0.020497205315138364,0.020819721241746567,0.024252662266909947,0.025279330415519406,0.023160562508563555,0.022974234133262543,0.02139181119776827,0.022715016940538818,0.022456552778733194,0.023587773256492993,0.022328380782119045,0.020851333059271907,0.021744990395308625,0.025422941172868987,0.024734805939382196,0.0233092754784521,0.02517887738745979,0.021624401237615998,0.023125910012550932,0.02525557944333974,0.02493775705443463,0.02396988913143258,0.021812334308745948,0.02318923147469333,0.02416960810847414,0.02007683542091153,0.021307497931278244,0.02491078910410721,0.02662033324817567,0.025122340243742533,0.02427661723057796,0.02286452736073269,0.02181513330033541,0.026668761074628067,0.025354232642754382,0.02451786800858065,0.022251608912284837,0.021770321052742223,0.020626457025425954,0.019315763625291416,0.019722322919269383,0.021340024115834452,0.02026609343244891,0.02262734065487243,0.02584657267432673,0.02606546161261257,0.026713807559348553,0.025904896718988005,0.027824281741037127,0.02989002549189651,0.027305919199805045,0.0282775708108729,0.029881090819114803,0.027580546050174223,0.03149787092525322,0.03273037990137095,0.030035868583936157,0.028433120893144884,0.028086322422450405,0.029284001842719704,0.029834671289699563,0.030534425986311495,0.030356861379085484,0.037070324758591,0.03739269364047733,0.0386798591942316,0.037332773878504796,0.03867867838640621,0.03767929353984417,0.0369140163535331,0.03585730598736192,0.03560652663563586,0.034026296258432565,0.03466293282957458,0.03630852463437988,0.03377798376374297,0.032040649792860504,0.031328208864212295,0.029133661652310558,0.0261758829054059,0.026492595201954128,0.029693958593744144,0.026858196218804045,0.027905473960585042,0.030935401820196343,0.030486557943271084,0.029833084409010696,0.026901283476328364,0.0251261549317488,0.02635944291857932,0.030408479656447995,0.0312352582166283,0.03301997270027353,0.03620998760593035,0.03411247509656154,0.03525797870818048,0.03719003902807071,0.03840311082139816,0.03889798444084505,0.04111163585369297,0.03878978405124327,0.04132495325353683,0.038521458286993576,0.04034308758637889,0.03651055572366835,0.03528132418638209,0.04016721852022765,0.03967618665491869,0.03838825769673382,0.0336265311147997,0.03195363337056434,0.03669995628806866,0.03761516189249693,0.03770492148160462,0.040033659458041715,0.03920560165767903,0.04108675260746143,0.037781467695425494,0.03528670122852484,0.03862042403346931,0.03649789803335576,0.0354787779224368,0.0364378315011786,0.035155543166101144,0.034326835902645084,0.03589635159077163,0.0289198632867885,0.028667544664450373,0.0357070753015144,0.03392943068659937,0.03500371272787925,0.0347448558612288,0.03294333736958602,0.03282443089581534,0.036725556312139765,0.03717699329433875,0.03840027711921698,0.0428423045146855,0.04587635885515286,0.04523213483039917,0.043227687716801355,0.04211758827254408,0.04173658043292465,0.040572954277193096,0.040703142207814,0.04164529256190744,0.0448374125206064,0.04546033316694956,0.04325934654405732,0.04201478827819244,0.04402799283525774,0.0450663635609259,0.04970435469916805,0.04504005102810428,0.04459374354999414,0.04850362721929444,0.050109372028579235,0.04602134937730602,0.041169991221865765,0.039847324519063726,0.03796543977342076,0.038731706196383595,0.03852961621899499,0.03854055190571751,0.037588455232670945,0.035726446462503975,0.03469684388037986,0.03243023003451763,0.03135934599621375,0.025783556894773074,0.027321679555174463,0.027668729110959273,0.029329362230196845,0.03344721542824708,0.036006238505692595,0.03998966665623181,0.040058275950720756,0.04307954999163369,0.04613691837987274,0.042541322527489364,0.043043236173676655,0.04547602741954654,0.045051454930582435,0.045258431167657195,0.046383106826926035,0.04182635757304044,0.047353781312021004,0.04649789358178742,0.04204143491581992,0.042590325715567784,0.04347963979634334,0.04270523905855908,0.04194419386388411,0.041979456999930304,0.04566207203392195,0.045546059166459,0.04703237218860593,0.045072995747429026,0.04542056222532369,0.04734740486650732,0.04728144252670967,0.046687821763322646,0.048289920170959844,0.04798244433999471,0.04936560530980377,0.047108322435540334,0.047286155308093034,0.05340794709861206,0.05157451599466177,0.05107337851690427,0.04824222919230607,0.04767746484070995,0.04785569191440957,0.04674149672301141,0.04907685518537119,0.049045910679799715,0.04455337919881307,0.045736116259877266,0.047420009208669525,0.048394849467983544,0.04727316915198948,0.045261536556595386,0.04449249922672703,0.0454815061827287,0.04459204448635004,0.046011473716481954,0.04825664104011858,0.04582525269202152,0.04913305446826133,0.04930850144253553,0.044742314001857394,0.0433768626447599,0.04199798432247928,0.0408070283445829,0.04198980861648033,0.04484049538692898,0.04821362472223735,0.04608517284079283,0.04524671471617274,0.04531374379217361,0.043093793040860834,0.042998125269249704,0.04186533122745596,0.04325339164606651,0.04561724289676443,0.04319006581760128,0.04302588331363186,0.04230346148488846,0.04537543382225573,0.03999005438294903,0.04115003967769092,0.037014481929826745,0.03540278899262653,0.03529303259956683,0.036806582285662415,0.041791341185958925,0.04014168088289255,0.03851270353635304,0.03702959308995439,0.03625056473666795,0.033861174459167795,0.03533553481801452,0.033916376838155765,0.03141402136520535,0.032148940743926935,0.030161788485323124,0.0314102358765844,0.03183340667560243,0.029708466001368866,0.02922971072760061,0.024468298276331638,0.027395415652913285,0.026321162218688188,0.02721853323300369,0.03364230003560442,0.03263626235973709,0.034719250261051895,0.03129679337962964,0.03170498428413271,0.03049209166745344,0.02886861166668335,0.03135827650325326,0.03087171417565439,0.027703919026307394,0.025936716207815153,0.02654653215073123,0.026773369797001886,0.028285015981261888,0.02657357492433772,0.02780753488801184,0.0278975977343916,0.030210200243037194,0.02727552361738815,0.028415834919044272,0.02755020988917896,0.03453260634147115,0.037687383160163596,0.040451769439684204,0.03414342591004488,0.03524100977380133,0.03986083315401977,0.041857843175488615,0.03891545146781418,0.0395950027089237,0.04050348009595829,0.04041082143858864,0.037304548098768736,0.04007125527072293,0.04069899458237712,0.04067083438503602,0.04047157295469511,0.04293913430062568,0.046613137124722454,0.04643306756675805,0.04240422515744835,0.04485648463973174,0.04010196592386439,0.03610673246430664,0.036079971280780845,0.03826305681253919,0.039164603570712206,0.04126841846847716,0.046223994075727484,0.042769850272326965,0.0401495884065622,0.04161002201543165,0.03724731763789994,0.031134113748503514,0.029961014185325804,0.027775742282426324,0.026922206158994128,0.024090193127351417,0.02722375823294701,0.02533553858490066,0.023679597614841175,0.020397048810537013,0.0199408301204604,0.020623338146497736,0.021138406642623578,0.021726933522759076,0.02238872396771656,0.021625948121039573,0.020000558027865073,0.02295077699301379,0.023066537701663975,0.022718610984441973,0.02445239021325185,0.02111597436338962,0.021567918934273997,0.020367924060229664,0.017580611344882938,0.01747503485731626,0.014338814841585057,0.017575970571677813,0.01948488748159645,0.016577470688209445,0.01882083128622747,0.01841678726258296,0.022489461051583393,0.02063133956043467,0.018968309474033995,0.01717954790073302,0.016653984300137745,0.01981068137808066,0.021764678218438457,0.02517884730418217,0.02903071225463094,0.026191877886101445,0.023478678218299992,0.026468278737053916,0.028289789716501104,0.029180381009811268,0.027550865721928136,0.028218882519065028,0.030320793597961512,0.031046378151629153,0.03203982212276123,0.03314108080059855,0.03017183209698547,0.03163042048136741,0.027678109874138004,0.028897292794517332,0.028419199445257518,0.03443017916105946,0.03659011728856068,0.03993969685420372,0.04670279967011154,0.04283758342420818,0.038342780336079754,0.04128746161540135,0.03838509487750362,0.0381709398241956,0.03724753703800317,0.03816966158517143,0.03709473585510849,0.03897348345122818,0.039694871622186045,0.03871077533228853,0.03614947429679878,0.034892383453448264,0.03387137097417481,0.035600623689063235,0.03829955473039923,0.03762662715565597,0.04310992500874386,0.04217367643357681,0.03833842965698454,0.032456013697450575,0.03552619132485084,0.035974852049695694,0.03746232720201817,0.03960221532206412,0.042352634494719196,0.04298330628986828,0.043157379273113014,0.04563073954224002,0.041522068793214184,0.0459867726843851,0.04548090130687678,0.0453875687248262,0.047411983841918096,0.049265083700817044,0.044192404163042445,0.04213652475341678,0.043482524652514135,0.0460759305839344,0.042734163014141985,0.040389889906102705,0.03793523184602486,0.04028224039804425,0.0389945765202548,0.04011474976395683,0.04004724080998884,0.040800013866297447,0.042466654871676515,0.04062585336231106,0.04124849920038154,0.04063465581222549,0.04367598845501598,0.04801691506895865,0.046342243801961266,0.044729012718890945,0.04399304765453213,0.04536457491279307,0.04614777000805324,0.050401160873833076,0.04951561517549001,0.047336315770050236,0.04743214200111548,0.05032515511619852,0.05261862910361259,0.05730343687390434,0.053702174911828465,0.05181971501729184,0.05182454925332736,0.05317094943229539,0.05334418967877805,0.05460446023908043,0.05427338064279684,0.052090764308504886,0.054856545724947234,0.05809627513510379,0.0559932868502689,0.05619962446519142,0.04805729249536386,0.05126087407150412,0.04969119810494586,0.04940021768972308,0.05280822573622784,0.05650014404403442,0.05372719176492256,0.04564850455424167,0.04166955052532041,0.03944246092875961,0.03912411271020558,0.04044067198560261,0.04161808408628055,0.0376021930215681,0.03691670792349379,0.031733564644151724,0.028819421395853376,0.029676441798018385,0.030897414427864478,0.02980427470246827,0.026995789173425197,0.026365196186869902,0.02847324163642863,0.03364215270998257,0.03250409211303171,0.03269931385977226,0.033582343704482584,0.031087107938220712,0.029379956562276058,0.02530613302246522,0.026311642326864684,0.02618385701834533,0.03065279744093538,0.03081600461935835,0.033149274218755936,0.032068306393861254,0.030877535804419473,0.03431577762110648,0.031911782075072614,0.034087378096954626,0.03736389725509805,0.034847562685980646,0.040897534636577484,0.043629177300795824,0.0428931889532571
0.03511100697776082,0.03596713211270021,0.03841740801126857,0.0396447880883356,0.03965877314565798,0.03773755515558812,0.037749484662028765,0.0394088312845933,0.036353734443250935,0.03563007914788845,0.034168148225655115,0.03482040924085644,0.034702042947420644,0.03409129194475205,0.028573605991724843,0.027639695996218405,0.02953741769937071,0.031646158075433195,0.031839239728683105,0.03461088851141046,0.035367174413836217,0.03792715197055868,0.03808613335350948,0.03788881702813525,0.03804426390130779,0.03665007851394522,0.03930602767847281,0.0378298796434111,0.03765983910250173,0.033628916184710325,0.032694137895228126,0.03267033599677022,0.03055399482742964,0.028095592333078317,0.02694048090654487,0.031439777402702304,0.03388078803109841,0.038332237079096526,0.03412538667119627,0.038959803754609446,0.04023866352755079,0.03623242950361187,0.03397446331761948,0.03812459452399873,0.04131755117754074,0.04199075853967825,0.04005150876481714,0.03745110503662488,0.03858902569290776,0.03743507004840027,0.037943361333485276,0.03727338769506122,0.03824370671341694,0.03938744103268327,0.0401086163361906,0.04090774199708387,0.04135531366903204,0.045266061016363116,0.048922708438611615,0.05465911520641352,0.05439003105476582,0.05549102617059058,0.054743508579120366,0.05382605953928336,0.053889933936870464,0.05377473990668653,0.055461491115469226,0.05964868075604562,0.06210196113756196,0.06550095243667274,0.0649213377646637,0.06491883789949865,0.06849926269827328,0.06789075172751415,0.06818966265171483,0.07048763265107194,0.0731615314110316,0.07414325180791478,0.07334271109739553,0.07519988645565545,0.0746071858560278,0.07815280752403553,0.08084443899098095,0.08002094196864432,0.08056661790936356,0.07934900313544747,0.08017868110066473,0.07996267679767904,0.07888355793417529,0.07935398709250818,0.077883401938899,0.07482849300047872,0.07482518288804589,0.0755231412397381,0.07613577712515962,0.07745534942699407,0.07571144599463639,0.079238550803058,0.08238242998145341,0.08433597548222793,0.08448860750006651,0.08446451825189344,0.08742057274965608,0.08682710125162833,0.0891197435326544,0.08931125105449597,0.09198381490543736,0.0920041631417128,0.09306414217441263,0.09500674219274848,0.09397758136048717,0.09513109686472135,0.09603790410023728,0.09785641085381208,0.09842520233272688,0.10148228555215137,0.10119251920154387,0.10114154840300259,0.10216265019549323,0.10155700674470207,0.10227562439518287,0.1043412922788456,0.10507729740359847,0.10621949936690528,0.10732210713219863,0.10622201002165409,0.10676230680625406,0.10777099908580347,0.10818837558388099,0.10875323537978156,0.1090918308451073,0.10893915777997216,0.10926121386504352,0.10901693012933895,0.109368797143142,0.11066522544556007,0.10997394737451133,0.11064868525359203,0.1115234577061741,0.11206112921244224,0.11214025742953514,0.1129602064178597,0.11309462063142053,0.11375516979916867,0.11368902910755224,0.11354286529079187,0.11416427539288321,0.11330263828792014,0.11371310378962164,0.11357615038966548,0.1135322447905083,0.11449593474417097,0.11376833640373848,0.11391912533005677,0.11387001098178169,0.11361364906833397,0.11559241281200063,0.11577135602303334,0.1160623163239938,0.1152657096501471,0.11652107711287328,0.11603929931449952,0.11666052551756104,0.11618233978903254,0.11704337533327981,0.11672155788405632,0.11767472666773238,0.11784351629111091,0.11818143308984273,0.11825612256870878,0.11841944027319959,0.11919768322194144,0.11886203475596875,0.11981245115928162,0.11916774712811401,0.11976946836861173,0.1196854033103707,0.11993367027321816,0.11931631024708964,0.119155822360546,0.11963948374462313,0.12012319074952989,0.12060773981254225,0.12046350570428244,0.12059127258127061,0.1205997270072698,0.12068010654922554,0.12111428015275025,0.12087838856454457,0.12091046995089567,0.12143717247845714,0.12283928568432112,0.12308045772633908,0.12336964491509346,0.12380898351863477,0.12411844175481847,0.12382162028015499,0.12362904935588122,0.12306449292731515,0.12370404906820968,0.12365313800307635,0.12326871964404522,0.12361368020952147,0.12361789468996646,0.1232328667928867,0.12334423168564838,0.12274103684442145,0.12280129585927702,0.12217400422253157,0.12205953097894306,0.12188328336545648,0.1223322971534044,0.12262714714967629,0.12185571611136059,0.1215388596219749,0.12172822895435778,0.12138361148724813,0.12033478921355727,0.11988934065145201,0.11994389411803358,0.12024980042030524,0.11982419132160683,0.11896360016464366,0.11845263345655956,0.11827812355531579,0.11916237612132188,0.11861539210272466,0.11829139043417977,0.1174832427276025,0.11765329191387316,0.11707424184077934,0.11717856812383992,0.11635183958354088,0.11565310973391181,0.11584374143686105,0.11567569303676152,0.11442121375301052,0.11429448240826863,0.11407536692313709,0.1144344544103127,0.1155430486289614,0.11505369189288307,0.11471035913740579,0.11598604750434952,0.11672712700394298,0.11606807353566288,0.11591204657821327,0.11562472248583616,0.11577058077393976,0.11628192564503495,0.11665964900945026,0.11610077639158062,0.1159503761359722,0.11575184035141231,0.11634606282585097,0.11636314802687045,0.11636478379541929,0.11656144370061737,0.11651946082723874,0.11623047778812194,0.11526357795745876,0.11611453196023612,0.11540263890852435,0.11510683973720892,0.11566912294154907,0.11730125609067135,0.11832277460915258,0.11744851690200374,0.1165310889895613,0.11669680826210377,0.11656528948965778,0.1166615991958792,0.11650071457320064,0.11579697546516166,0.11491611722584015,0.1148496128563445,0.11476145232196368,0.11443883892202901,0.11494101902043893,0.11498790748715751,0.11498592020856588,0.11538825057269278,0.1153933394506317,0.11508032722168843,0.11312512956188518,0.11284281968809053,0.11358627362140067,0.11535059196056735,0.11425547481639142,0.1138889796083169,0.11363953180824923,0.1122190973827215,0.11142771728726844,0.11069282714584273,0.11129607408131084,0.10844153813082606,0.1081990706903253,0.10837552047783115,0.10847934904427492,0.10972761528800448,0.10966422661232278,0.10929997074408113,0.10941500825057014,0.11008249477699178,0.1103533194040072,0.10907316029849033,0.10799793039164195,0.10693444885788318,0.10552118109712948,0.10312222046068656,0.10391282843730848,0.10345771410645657,0.10369547410520155,0.10381525790323021,0.1030257414661774,0.10316510729622769,0.10519942152371853,0.10545254150056282,0.10365426857680542,0.10571110244021278,0.10368370528741205,0.10466057585359569,0.10422064596963769,0.1046987964984398,0.10407943118060682,0.10505702896034287,0.10621788138610608,0.10822804001726076,0.1082614739371579,0.10715054605268945,0.1050919613012738,0.10717329309709883,0.10744663448691211,0.11174231915435172,0.11261809556013286,0.1095893237576555,0.11174142546399532,0.11112774889321622,0.10914630093282887,0.10963134248957285,0.10898346324423178,0.10904598396132054,0.10819457456891166,0.10949916166748128,0.11045215824420394,0.11026702246612413,0.10969334195052782,0.10718030752388397,0.10584127494528996,0.1078642310549412,0.10923457975276295,0.10970863296313343,0.11098643918397641,0.10835173343742352,0.11101476814641871,0.11152831645406901,0.11034559005945299,0.10750636154338195,0.10560883056263812,0.10769934636510725,0.10736886207759469,0.10715623137091924,0.1058377566186906,0.1064265578929936,0.10400438150930459,0.10706952781297258,0.10784784308973622,0.10746545897607132,0.1073245849969254,0.10754851936523471,0.10857368277187968,0.10573302696255411,0.10242397085631337,0.10316704744216715,0.10408079179903285,0.10439465645000286,0.10689157578766385,0.10532854933598139,0.10644992163878045,0.10745636039385457,0.10587009749706788,0.10572382738695638,0.1058347723875429,0.10583629121814933,0.10691817121785159,0.10532556013146192,0.10638369043896731,0.10691413421852489,0.10549283316312405,0.10586797160996692,0.107363647429525,0.10754210104970346,0.10834149345356801,0.1094655561587454,0.10647235625422102,0.10653706067352445,0.10570765769268049,0.10512192834374069,0.10773249979514332,0.10339109909956049,0.10045117164334445,0.10184427839626056,0.09858691174287601,0.09974936925564445,0.10024705751988214,0.09773363272138563,0.09953984817071293,0.09719907050795859,0.09842524456661098,0.09777441036136192,0.09532603718365051,0.09477009016603136,0.0947270008724695,0.09318517775320903,0.09476605701113694,0.09700307609660655,0.09350688041039436,0.0949247428741968,0.09180432864486604,0.09102042329786289,0.09138262205218148,0.08997171617965757,0.09082535476134998,0.09092076697911852,0.09232733032711589,0.09146616863984405,0.08786877411833313,0.09076044296068608,0.09364915468680732,0.0947027386466247,0.09276018217229778,0.09422190435360053,0.09481068458378542,0.09509879053959697,0.0946787999210757,0.09642093454211029,0.09667796612252358,0.09764282607118496,0.09684519836291175,0.09563852368361861,0.09653802309702819,0.09812296742116208,0.09483381970839498,0.09534062514437962,0.0942207415542372,0.09088416623998012,0.09249958750642934,0.09401534181014502,0.09359607983721825,0.09322157775009406,0.09357299593751446,0.09322839729025874,0.09201830463176926,0.0934525297787887,0.09669937205019025,0.09103434720453076,0.09031995912709866,0.09183608293697545,0.09109046559390953,0.09120670372424713,0.09229733364275892,0.09336534528212079,0.09184134449730878,0.09084081264775654,0.08993152747411293,0.08966080269258468,0.09276829882567565,0.0938680869615538,0.09139295196912697,0.0943175801245336,0.09783373293147256,0.09968242124253532,0.10151790476703945,0.09922868813141938,0.10541172428015247,0.10152132875292744,0.10350116352776384,0.10480276672238711,0.10330484607944816,0.10387384378686312,0.10375509154076137,0.10325346077133285,0.10221825238752086,0.10197079441674256,0.09944266776956495,0.10115851553996826,0.09982230945280168,0.10108148402075681,0.10063838911430545,0.10338075772761485,0.10389975478577042,0.09969316065832963,0.09804606999269176,0.09922466998764252,0.10088685510915983,0.10339093282172922,0.10558193652273272,0.10577881122502512,0.10220801270232255,0.10493540774250695,0.10666474456085871,0.1080348353420673,0.10864184602510682,0.11184266292066386,0.11078306854773874,0.10945280845100923,0.11271198048923226,0.11390847228017223,0.11165972245810137,0.11375918414148174,0.11329571902549952,0.10897984934353024,0.10937495266653079,0.11096001955458301,0.11488697597475678,0.11484388198713345,0.11426587784712378,0.11388031273525545,0.111115813950685,0.11120891782439318,0.11209089044167912,0.11221566578148169,0.11228147638837335,0.10982825705139301,0.10670477542161963,0.10821792133296904,0.10948074679884179,0.1099000688496568,0.10468273877938201,0.10420121444820067,0.10089516835096854,0.10121092444047285,0.10104423913929332,0.10010379538548544,0.10034785485739037,0.10372684453113723,0.10570720108211402,0.10289793604002931,0.1055818776142859,0.10778936645648021,0.105052516474241,0.10474889856827418,0.10485739194109887,0.10433989917314251,0.10518297164607071,0.10731819135560657,0.10268347688934908,0.10130862956488396,0.10576578424072285,0.10902253939893732,0.11299619846634552,0.11052675347093256,0.11185774752266271,0.11227012301063474,0.11301495877358857,0.11443293590317125,0.11493283718696298,0.11400479334160041,0.11355115657328253,0.11436659357667521,0.11480716293443455,0.11107325203372932,0.11156987343708215,0.11044127777652436,0.10762765830608798,0.10837844977776878,0.1116367886658505,0.11235085943796987,0.10831971722924139,0.10736376664618445,0.10690548488734193,0.10703900270428365,0.10571716464101986,0.10571243019804213,0.10279075706078346,0.10724449328841595,0.10648208424982065,0.10901290627122708,0.10804217456614777,0.10476758824143165,0.10797870968960167,0.10391217561842164,0.10103430674285142,0.10007287182770447,0.09957488901011524,0.09728956288683505,0.10167532850089361,0.09884447971040104,0.0951594433955588,0.09803314824762681,0.09845636988618559,0.09926535787709012,0.097324045296242,0.09706871814125269,0.09701208632306045,0.09695903769606526,0.1018300539824847,0.10446850751476883,0.10421412300642278,0.10904249669437399,0.1042026789395817,0.1029287792558109,0.09955482669996576,0.10084524068831491,0.10206083358280771,0.10283140123731954,0.1031951526637213,0.10833655685877988,0.11081531496155192,0.11046872768500506,0.11413241439839084,0.11151922943103372,0.11135669239222175,0.11273582662223877,0.10998968137901065,0.10747969291657955,0.1103582030409077,0.11253173087099708,0.10988331766666787,0.10898124169860901,0.11022295964872203,0.107644551365474,0.10936405094012044,0.10898969557456126,0.10641194744623311,0.10187609428435573,0.09924052913271746,0.09893578256719303,0.1007011634234818,0.1004350869113967,0.10471395163802254,0.10464760441230184,0.10754458690114048,0.11040932329453138,0.108904641735313,0.1090009543837044,0.10799435374221163,0.10705003504181676,0.10877599938180917,0.108223562535131,0.10875034150158282,0.10876262312285048,0.10919908782625401,0.10712251181708621,0.1086190270980351,0.10980632683061897,0.110737930982737,0.109143530813242,0.10751646974780746,0.11019367163440973,0.11232425034931606,0.1102963129983356,0.11335781852828898,0.11058422193810488,0.1148464487251245,0.11090020883650654,0.1101718503622546,0.10717606070166237,0.11005116650558315,0.11108959936223015,0.10910523616811382,0.10267855988965145,0.1022779984915912,0.10298423320892143,0.10509651732474182,0.10532895844583764,0.10670755046571895,0.11154140175029587,0.11272811253988196,0.10725858410227597,0.1104725565507046,0.10886885915934305,0.10886634961547959,0.11093675217772939,0.10495561346486906,0.10606047156405926,0.10305048406414867,0.104345673195121,0.10473658614102044,0.1050212148460852,0.10448593484495032,0.10299634288204627,0.10178216899570054,0.10110295989472438,0.10109793410404898,0.1000468439477765,0.10166572079464298,0.09779236328380232,0.10066527930965326,0.09880606397078426,0.09851513299546884,0.0985869886301047,0.10018094802821195,0.10240985875531447,0.10419462720789652,0.10406465442976016,0.10968072312769905,0.11307579100582767,0.11147517555758446,0.10868692065168356,0.10547359890674286,0.10177449211752898,0.10110782431145625,0.10148712859607487,0.10141658211178038,0.10122698838400919,0.10509582263853089,0.10105702093308125,0.09815325181696254,0.09699173812439557,0.09312115111033176,0.09168010521329106,0.09289368127727063,0.09182647220237783,0.09153129868204639,0.09244075010028813,0.08915391071683111,0.0908358140525876,0.08817310338825664,0.08774200792561168,0.09129434906909338,0.09104872428630398,0.09068142718351048,0.09382206439633912,0.0967631837222399,0.09407467343790027,0.09256070044931586,0.09229466512686534,0.09281866407422051,0.09066153365484532,0.09420213298431622,0.09456313389180032,0.0950069909723566,0.09787256990240864,0.09683674825254715,0.09469285814307113,0.09410198698042374,0.09423572650490829,0.09061609545552561,0.09596999699386453,0.09429594725784486,0.0935240287733501,0.09085876232091679,0.0883792269409121,0.08993552170356967,0.08923311100643985,0.08650305298198391,0.08638773566816131,0.08303468659547991,0.0849685003436003,0.08830144866755313,0.08428541756990131,0.08055629279969348,0.08254977784605226,0.08513635927719897,0.08520873147423101,0.08472988725320306,0.08766381146828395,0.08388495932376894,0.08565486338182642,0.08302224588860477,0.0811820171695724,0.07578641083677298,0.07728027306157088,0.08198136482581057,0.08012825449201533,0.08379229379733724,0.08308923459978476,0.08441998967015019,0.08212016392533428,0.07680168610239907,0.07955778454244536,0.07899781413620771,0.0739662029528841,0.0753732533570488,0.07235666259606058,0.07380130358335474,0.07437841568806865,0.07834641275897483,0.07929684755477157,0.0796867255229601,0.07537165191371334,0.07660830499579843,0.076509902137469,0.08039310481500793,0.08322916519558536,0.08369246811897992,0.08637386189952864,0.0869857304384488,0.08886700340414434,0.0926816370463341,0.09123792539560116,0.09127415609320193,0.0867058867663887,0.08555707450490342,0.08610608770656487,0.08848070164763942,0.08734108734475109,0.08676976281435964,0.08332484682274707,0.08428649039326692,0.08332779968996319,0.0842821069641281,0.08163863612838872,0.08383613854276815,0.08633042726491932,0.08801840031182649,0.08842532427117987,0.08656142381956257,0.08861811416913723,0.0879443480033187,0.08651262974053915,0.08686507250641166,0.08697908450498812,0.0911364754757342,0.09469524417290813,0.09699949220248999,0.0958081624858316,0.09732381837062044,0.0989951385137223,0.1028295328312653,0.10141140449871104,0.09721038213812684,0.0973242084518017,0.10015186030662415,0.100358726865243,0.09895434008107909,0.10096947330593414,0.09808874636624423,0.09874714997725433,0.10048690672554803,0.09915882574067003,0.10252044849441826,0.10267625770473678,0.10087317463911136,0.10494901673759514,0.10327761496818175,0.10285146027072309,0.1019325208035728,0.09749979635977787,0.09727898754957597,0.09605442309308937,0.09558543440578933,0.09329608385702816,0.09551872458059994,0.09434786834905004,0.09189693950404519,0.09353869458614456,0.09213730077997065,0.09236703872761194,0.09413724093846816,0.0944421573924941,0.09325847734565144,0.0946476378702632,0.09387862798819911,0.09125252313075499,0.09064293368357178,0.09081520663889214,0.09174117395269707,0.08728991246007133,0.08843500541518202,0.0869984592478475,0.08831213558571346,0.08769005820233491,0.08667299730285315,0.08072537909624078,0.08064233580463764,0.0772722435605268,0.07841181751781165,0.07862999904780124,0.07339395700022895,0.07114037377962466,0.07211529028841611,0.07377616639292198,0.0728258987488167,0.0759850324620769,0.07599142345042524,0.07517812815372657,0.07370645542074825,0.07384698114586166,0.0733499977179326,0.07070866876658406,0.0737953146013513,0.07305988554120436,0.07080573789171114,0.07021681120196212,0.06658133541736358,0.0649830213749967,0.06501411475918913,0.06443206396210546,0.06432654736958476,0.06737578715475892,0.06879352738490017,0.0667788825748528,0.0682112368045795,0.06979259268071207,0.0689032190681164,0.06533035808964706,0.06925456312227171,0.07047257279687426,0.07087938124064751,0.06739386121660929,0.0723431644182948,0.06946970528693129,0.07162614075041555,0.07062062395515799,0.07367862487668485,0.07791581519276865,0.07669060722903287,0.0806315726979072,0.08156833965449983,0.08218312099775749,0.08124996493985946,0.08251147934835583,0.08382009388491317,0.08511426095077869,0.08610423305952494,0.08548245624810347,0.08373644795260371,0.08299966237375227,0.08233329718352615,0.08757577506881284,0.08694320532476009,0.08770741259037192,0.09075934627288165,0.09408799852912006,0.08784185668124085,0.08509613283776893,0.0778396320811204,0.0808374139301452,0.07829252207042899,0.07364523445939287,0.07190642288279395,0.0751613021939236,0.07571298091739005,0.08047685130992564,0.0802463610289521,0.07882535109234673,0.07550033817740842,0.07942030612801243,0.07603668718404531,0.07487099594872307,0.07401036321375827,0.07228671410390906,0.0743608171769219,0.07318090739136822,0.07111956449627245,0.07142838152806294,0.0761628614328439,0.07507447397835396,0.07417697667407401,0.0781641835678876,0.07657245374713159,0.07505609723814405,0.07262382071640877,0.06988813570860432,0.06839363066317772,0.07020973571425328,0.07390178181628226,0.07383849081266416,0.07377069206913171,0.0745407988180382,0.07676937895408972,0.07638233882880796,0.0790114383680741,0.0844840070358355,0.08396109386784337,0.08184214702239112,0.08317004463258125,0.08007024633021764,0.07605276097346339,0.07624381834678534,0.07401669041169164,0.07711898819285934,0.0720412268822803,0.07409818647078717,0.07247887161621039,0.07177666712819833,0.0731011719653993,0.07403822765255834,0.07790366304760138,0.07346755035368358,0.07448629830475949,0.07058342866836412,0.07033867882799646,0.06881728877607832,0.07041003261663283,0.07516637368231924,0.07584463940669385,0.07790331431628948,0.07520673147182189,0.07698324988745509,0.07816239005854617,0.07622889810743697,0.0732088638931344,0.07066993686399366,0.06837303623508045,0.06811316555184664,0.0682621764400119,0.07080181643835191
0.02263190826876449,0.01896218908213003,0.017052822193544107,0.0164967234345742,0.016365302663889483,0.014704873489273157,0.015443489872551702,0.014725288173684903,0.019129306785764216,0.020237152486643248,0.0203631052140405,0.020383937936362978,0.02367893844262821,0.024652611524969795,0.026255667662821683,0.023845494890237642,0.020728087531569225,0.0232947450166152,0.020996321242905264,0.021051253504011033,0.02151556417263982,0.02064025989343006,0.022995533068503243,0.023279359182083112,0.02134192666627034,0.02057452803259313,0.020194105494859615,0.019993483550365884,0.018718340958633256,0.016927711194428402,0.015945732339683855,0.01745099805920318,0.019382778356078004,0.01636913333079211,0.014145363430654909,0.013977465965837182,0.015377803827903172,0.01448120143207031,0.014713140124923932,0.019650130956759146,0.017060666091391702,0.018337291792362417,0.015748121589510944,0.013936021532787168,0.012188086445897181,0.012238685332747218,0.009713399143748622,0.010550908435312423,0.012425640814760247,0.015766605452355448,0.013685697871500563,0.014386948766374238,0.014072874757038084,0.016383057151257513,0.01714847207220882,0.016417707021585584,0.016426933913692696,0.01708688924865756,0.018964936086182785,0.018402673450448548,0.02235631291069956,0.020762462195376807,0.022933242287497227,0.023395802636579394,0.028333553012184307,0.02774845938792056,0.029029427977651415,0.02991426232576029,0.033862524008127906,0.035462701437959834,0.0375570501663189,0.039458158174964106,0.03793682126578367,0.040220512389597174,0.04357032753337553,0.04381510073324532,0.04510575139380349,0.048179312026536913,0.04871555553400517,0.05078391758283997,0.05208816261590726,0.0554041795329731,0.06105307924084435,0.058479550098011944,0.055584190671170756,0.05792159714277857,0.058774225926435004,0.0604303044645199,0.061236540735137034,0.06300677818736505,0.06565666704425663,0.06778671403645853,0.06928885821412209,0.06901224412294185,0.06993973128914631,0.07383003789760231,0.07525354928402088,0.07767520232661002,0.07970050606871917,0.0812426949908733,0.08233301787743151,0.08334641971691134,0.08571157668049978,0.08595151130041652,0.08635236997929374,0.0869598229528257,0.08997679490111044,0.08991212513412808,0.09283286982791478,0.09422368578094638,0.09431713513149541,0.09599352989217383,0.09526246703012198,0.09559300925122088,0.09574070062702274,0.09766477963979536,0.09855435866979011,0.0984379203100501,0.09926821349184922,0.10103220837956946,0.10226306576673844,0.10372617867246878,0.10408096341870468,0.10393966660086909,0.10456356663627268,0.10350274734046346,0.1052845524141941,0.10616194981537702,0.10729791940987168,0.10752431894897403,0.10889546817733815,0.1093408234695416,0.11095816986516585,0.11148433978494589,0.11237644076505182,0.11412420488397218,0.11420285624642684,0.11538029659217951,0.11561895070635124,0.11624411511021092,0.1169844135963117,0.11754545619233013,0.11784708424180407,0.11826130137901737,0.11792467558338113,0.11716379583387751,0.11800980277401296,0.11724386111655677,0.11771699698255404,0.11791281785374111,0.11766757113587846,0.11806163514111316,0.11788895987059546,0.1177707632369344,0.11734700343324667,0.11689410130470397,0.11768212386261595,0.1179598409317551,0.11851875131646084,0.11830601804144467,0.11900574290482836,0.11890115667242739,0.11915795242439182,0.11893236715159304,0.11966943031180025,0.11923080634294006,0.11988564306142294,0.12027582520234924,0.12033816877559608,0.12079831982827809,0.12108757149977581,0.12169122557962156,0.12174184270438243,0.12206745976584964,0.12170997524513247,0.12192497790030608,0.12208810344695581,0.1222441052777728,0.12164413517243348,0.12141330744502997,0.12177394832296044,0.12190101471236624,0.12202642329559168,0.12185849647372778,0.12175671384386307,0.12174813519663688,0.12183640263910137,0.12195562513496565,0.12180488861274662,0.12167101116921306,0.12200844507179301,0.12325705647301576,0.12354416323555419,0.12377555772636,0.12408530820425695,0.12422947096736028,0.12399761546695391,0.12382013484752136,0.12328189340394831,0.12406730877161402,0.12406258911785023,0.12373123346222707,0.1239392080896436,0.12388008092992901,0.12349882901087465,0.12355572633563529,0.12311919636152291,0.12335546192626515,0.12282169251359998,0.12263223804501448,0.12248724030305616,0.12267439692122373,0.12253406366500318,0.1218550488781894,0.12148916062799384,0.12170248270330433,0.12155427587334428,0.12108730471975632,0.12091532892893733,0.12107580346424403,0.12108164006896363,0.12115485169016153,0.12035240606033627,0.11996020810361081,0.11970664128799977,0.12052261863002965,0.11981263703668524,0.12004878810023986,0.12000583631358687,0.1200220188666679,0.11981849942120429,0.11978501227644514,0.11938495711938082,0.11926726545417918,0.11907138772661267,0.11872590116365898,0.11848635016443088,0.11861014367925043,0.11865808800904319,0.11841871956107781,0.11906787612601688,0.11975444439454068,0.11983902980565769,0.11920764651356486,0.11966064315177229,0.11906862695470477,0.11922201781229091,0.11950529362537975,0.11915679740652024,0.11853372553659548,0.11854631233880973,0.11845030632919906,0.1183139334475556,0.11785032788808136,0.11766169595128777,0.11745894016943273,0.11687026850241809,0.1165326861526505,0.1168705426367666,0.1157787255360086,0.11645490676461231,0.11622296991051129,0.11667100211706581,0.11715905860596304,0.11748074536455386,0.11674066466603855,0.11655921031370502,0.11573145915282411,0.11630147277161579,0.1158551149967674,0.11423006467561375,0.11525418294858342,0.11413097175205048,0.11321907771292203,0.11165574655819419,0.11281175431451607,0.1127140343632719,0.11232988699302697,0.11160806098292043,0.11177945504343555,0.11095563000179658,0.10953458270998204,0.10950649932110015,0.10953554157591319,0.1109475153369403,0.11164804704524206,0.11239565269643244,0.1131092187291805,0.11365323909739063,0.11485472412565008,0.11400332930873469,0.11300699842526432,0.11328161175104656,0.11247744732009496,0.11459298898912113,0.11381831146191829,0.11408218379879975,0.11301179270982828,0.11050875821821352,0.1111514388997508,0.11029604074964935,0.11006254250557479,0.10777228423178642,0.10803138354396556,0.10838251803644675,0.1068667581715979,0.10806170514514638,0.1068583622208776,0.10595665909273687,0.10464851372074838,0.10424897345552833,0.10483844325640335,0.1036951475245368,0.10444610560468465,0.10344417774548612,0.10370811325917446,0.10130420104306052,0.10146144931249222,0.10245381131616686,0.10058311304128645,0.09936767077975256,0.10059576416063061,0.0996714680202029,0.1009483097371866,0.10107990914842435,0.10147359245081593,0.10521392514176545,0.10651235264572353,0.10686555633965789,0.1048516022186349,0.10423570019749295,0.10441875752148427,0.10484399603071272,0.106933234139042,0.10615515045202878,0.10562383975196549,0.1057603622412778,0.10413780350646623,0.10300883130150862,0.10252402302752048,0.10341949593043995,0.1032138525143467,0.10289999762064367,0.10261710580541719,0.10169808375964381,0.10231762049908566,0.10157984232505862,0.10098451707385174,0.10144231747866628,0.10240583582856125,0.1037288487821497,0.10327027331258304,0.10281526570615945,0.10299208132331139,0.10430220258827355,0.10489073423703928,0.10559942093965066,0.10515254722807027,0.10494865380285608,0.10670948784550031,0.10582009572842915,0.10877164419472923,0.1098369380805718,0.10875058720987257,0.10602601105662408,0.10636602226156466,0.1040080071416331,0.10412503181672898,0.10259891071329758,0.10284339148169219,0.10355205257813016,0.10698500247439172,0.10827787799205459,0.1069593515798147,0.1064427427584245,0.10745467801984507,0.11112893273090345,0.11056099531265105,0.10724896287462321,0.1092322842612023,0.11100818257942248,0.11051080214854021,0.10510881906521674,0.10556127805498938,0.10764726089128124,0.10618539789276718,0.10706649021567394,0.10469568190543974,0.10413276466004778,0.10305570379248083,0.10365866648520963,0.10378451213974252,0.10471587408034741,0.10827234434698399,0.10736269954481775,0.10662199836635415,0.1053744318102948,0.1045697017722566,0.1043140620275409,0.10144156978851945,0.10001119955212007,0.09938842903567552,0.10309118434980469,0.10360825639315838,0.10157461322891417,0.09953330869693405,0.1007154141444987,0.10071548705147192,0.09796323074396077,0.0990595394451392,0.09858569517435323,0.09857177082881767,0.10195522168107682,0.1005632948946645,0.09744887332818415,0.10007201247476993,0.10119611939396629,0.10164164369862969,0.09756132981981058,0.09793964139522326,0.09774314307569774,0.09657769836198876,0.09723897366282461,0.09962796018521661,0.1011428591155318,0.09671882525857603,0.09567584201614324,0.09615057488675899,0.09509550446841997,0.09422995509750026,0.09281822348247003,0.0947373797317755,0.09627870326585658,0.09829031682959782,0.09347897480913712,0.0924685129669999,0.09571426746742877,0.09998219244672736,0.09796956079319982,0.09780463550407792,0.1012480423306455,0.09916004651491858,0.10028978429729132,0.10006395010731979,0.1001078381554383,0.10094946354331215,0.09880968269140593,0.09556313253578108,0.0933934762357255,0.09367201315561526,0.0962266319001682,0.0949928765481385,0.09347635125680691,0.09350070656194429,0.09164181021792694,0.09633212170859602,0.0969898198576723,0.09970804032753731,0.09892498494322215,0.0998909035905747,0.09977202974138835,0.10225703793004379,0.09982457716321583,0.09638957487808099,0.09706155470840012,0.09635592081442304,0.09717421956691073,0.09471275913691776,0.09538353696024626,0.09448445919334303,0.09623062970202421,0.10006087824055807,0.10123861645088315,0.10159900316184137,0.10015785716423384,0.09906498617837373,0.09844094058850007,0.09739696429737667,0.0958599860620595,0.09445019070662047,0.09407760474636483,0.0947261954191233,0.09229980524158607,0.09351839120117236,0.09048484485064873,0.09274258070529301,0.09111298330393743,0.0915008173266703,0.09191791246612298,0.09481253936049135,0.09842875974667392,0.09727084588119324,0.09557046868831029,0.09929194594316755,0.0979512488183524,0.09782168485970855,0.09722975187378022,0.09836798733475148,0.09773945143022385,0.09538077160977407,0.09221321826847945,0.09708352836330948,0.09632230164814445,0.09687904239595073,0.10082628926727615,0.10011070195696756,0.0971807896050083,0.09485312614186565,0.09762942159156691,0.09872287828902976,0.09688257125006527,0.09709278039648277,0.09762701634953312,0.10200851704759346,0.10134248967503812,0.09927694886206948,0.09763303172083605,0.09489548693104316,0.09432799096004409,0.0962582082913378,0.09817854962027232,0.09704457480745712,0.0970039499934381,0.09992743340843407,0.0978620350405649,0.09592137949416758,0.09120117263291096,0.09164206336574807,0.09353156407543158,0.09287988341725811,0.0902452929662308,0.08721129789022979,0.08742695265160665,0.09170852669711858,0.0929821788502309,0.09672232662645978,0.09679750271017372,0.09670010506923721,0.09433727209191517,0.09396275562157327,0.094554339013391,0.09390331405863996,0.09430971141923647,0.09499398803564102,0.08907214700435545,0.08877622333311574,0.08793302143435008,0.08474516468690643,0.08192447878487562,0.08171298141448893,0.07975589969244544,0.07944886704199271,0.07822352042141181,0.07771328663852133,0.0740898540746384,0.07513215121144937,0.0735821362060386,0.07348334845859461,0.07431819364994686,0.07327684756944326,0.07409698446975403,0.0751721730418018,0.07589714677926891,0.07303354576086465,0.0704078102439588,0.06736003975058576,0.06796028375118893,0.06953277480561461,0.07092047021754155,0.07320042869109737,0.0716757065304285,0.07207511354751277,0.07365197847389898,0.0737908239769699,0.08045830904961908,0.08064037955239954,0.08143842699547267,0.08081655583937127,0.08036908804848747,0.07871628461003309,0.07768958207111436,0.08005191593011195,0.0803698199581259,0.079160172203827,0.0821517702236956,0.08162904595470864,0.08052239646577034,0.0824010647350363,0.08467490909095403,0.08331336888123862,0.08829583289760046,0.08488905210798796,0.08339441756759644,0.08039565290407395,0.07728657306715064,0.08120702405023598,0.08227132445612206,0.0811578640621272,0.0818574594283319,0.0818244500879362,0.08757624598649519,0.09298625117847606,0.09278091244062339,0.09406187588567266,0.09754144663973034,0.09828133726122006,0.0966238084471404,0.09802885679291504,0.09837426860290246,0.09436425307442776,0.09792513298916326,0.09929389722513529,0.10256947652724038,0.10140110297469525,0.09968428505031929,0.10080373215720202,0.0984935341793407,0.0999708449953884,0.10123474124204822,0.10144857139334153,0.10493186211790387,0.09924378015437552,0.09745443464028156,0.09811349603964324,0.10269975292102101,0.10076201988421678,0.10164559061714039,0.10043441706403976,0.09982507553083163,0.101582993147512,0.10191683162919635,0.10164467870163302,0.10432978876995047,0.10354351391060683,0.10241029241834217,0.10231445795180252,0.1014659465433292,0.10107884057724208,0.10265751928177262,0.0989225853851153,0.09933194898993125,0.09941401367371143,0.09915314118362561,0.09882139435405146,0.09881882490968018,0.09985662956971655,0.09719924593351861,0.09969210997099757,0.0995215557693724,0.09774890333801539,0.09761580703221252,0.09856316242400814,0.09579497510745316,0.09725247764459591,0.09622242872699756,0.09765787605378855,0.09930650340794153,0.09878302638163251,0.09616108789803789,0.09746224568386734,0.09804916267251697,0.10083075189701832,0.10138227730840861,0.1014247731497187,0.09893389750049786,0.10020134141205539,0.10060861439153944,0.09942416086897327,0.09719407390415412,0.09290123200335618,0.09393611654547673,0.09504031363240022,0.09941240681370687,0.09743629540626526,0.09696667081612734,0.09656769577020022,0.0972259089871641,0.09378349922941781,0.09638299355289312,0.09454641502971182,0.08927139146183659,0.08783484296614823,0.08961316484228309,0.08552072128935809,0.08748484149297672,0.08628130156159163,0.08178153262500151,0.07970320801647629,0.08078310104910943,0.0789210572604518,0.08093729231656249,0.0827743007300974,0.08308814120392981,0.0868505403600269,0.08905426568349344,0.09356575344220254,0.08986389053054704,0.09282127786225262,0.09337951534672714,0.09404301164106167,0.0877372462197461,0.09300524727266674,0.08860220746945044,0.08706529799226576,0.08483069656774998,0.0863468994544922,0.08652735084324056,0.08178228601947131,0.08019524696386557,0.08061574878790828,0.0804847229839854,0.07888804188344992,0.07518399708771356,0.07800434943912832,0.08139459199783129,0.07830693248365063,0.08031919507439228,0.07975073032699018,0.08308363628508932,0.08520983465143933,0.0840903579933982,0.07877587143720621,0.07950640078869477,0.08250224689506047,0.08299495249626719,0.08058435305854114,0.08021937131590649,0.08356072895213508,0.08526360796225879,0.08448999239310828,0.08572994214651174,0.08453401439546589,0.08689101848999557,0.08331953825183716,0.08374308025415454,0.08276544566929749,0.08060625997674709,0.08260614298923356,0.08284412017444676,0.08510946053045401,0.08289715758783187,0.08302296216940401,0.08309791702693002,0.08086858590650892,0.08393988695634652,0.08627374525103737,0.08716561115461868,0.09012025692255747,0.0900122306810225,0.08981540648706618,0.08957662540563596,0.08978944796688676,0.0925524375024249,0.09304715202379116,0.090411059986718,0.08940098962107956,0.08777567786746202,0.09016852991418667,0.08998083152409128,0.09373600606556856,0.09257415992987682,0.09553682002885773,0.09609599079951625,0.09858636386168443,0.09931543441802586,0.10125525705969324,0.10413820280970347,0.10290611618720552,0.10221842020552739,0.10668408149390977,0.10430010930846044,0.10291316827658611,0.10462934281176255,0.10357007293361721,0.10806577502618288,0.10485947454584427,0.10639786296809833,0.11148528737918105,0.10899869725388439,0.10572131065216009,0.1049341650881054,0.10120233676643292,0.09778557237000816,0.10059433985642542,0.10157534022886941,0.10409537638102147,0.10685018295062296,0.10437372410357004,0.10692896877671307,0.1044767174268692,0.10502334687128835,0.10608540593822902,0.11133234412320071,0.11452617388205946,0.11614048176797742,0.11310130523442999,0.11000638482866554,0.10651907936459025,0.10427026013807521,0.10458961069338334,0.10225966343056464,0.10348824306004632,0.09865094707397208,0.09587033705945561,0.0988470554457787,0.10133851197265807,0.10091878657462242,0.10227395996788805,0.10074335917493939,0.09828652137117627,0.09805736735669571,0.09432309679900111,0.09164397279008454,0.08722951352086646,0.08762837770541561,0.08688262951933434,0.09393054179999395,0.09114745851879577,0.09078852949928837,0.09009883620114567,0.09457557136920752,0.09467303168235941,0.09053372321392532,0.0908920377088445,0.0946137094884362,0.09443556893065856,0.09440768084034402,0.09007040700167855,0.08853310588010019,0.08796388555300527,0.08549641549560423,0.08575288635187804,0.08448877374732296,0.0839709604834031,0.08186136925116297,0.08621023562479713,0.08548513163224797,0.08491506622143283,0.08493005718231429,0.08324067058629392,0.08647199055898666,0.0798689577623922,0.08147206135818005,0.08628423000237939,0.08818394225411104,0.08783166613540047,0.08901402149406991,0.09259719718880965,0.09582077296692698,0.09726309166524569,0.09541616317454478,0.09697530420085741,0.09942528564646395,0.10289775291733627,0.10684062474921002,0.10521075583142855,0.1046991689000804,0.10129104143008137,0.10125985776893763,0.09782292856688152,0.09666537305974161,0.09809485825198454,0.09679094707448824,0.0993032809441151,0.09587999352055583,0.0956920770053566,0.09747874909338591,0.09531422217258674,0.09524167985776745,0.09890825406639336,0.09670286779924243,0.09818546865542564,0.10066565242865297,0.10409150048436162,0.10099406819876697,0.09975512263258737,0.10269795430361955,0.10049279583915827,0.10027263850650296,0.10203201689419795,0.10251533509890524,0.10246102444055273,0.10253466029644494,0.10700112603899509,0.10740752779569998,0.1076741717307585,0.10557624835880702,0.10412341096731582,0.10773330792572595,0.10932917741279959,0.10905931431619789,0.11193123675455584,0.11579120821240728,0.11708228120973839,0.11753166142482523,0.11272468414030387,0.11367714384183787,0.11366326794909153,0.11085340314186587,0.10998570562473746,0.10789728958146583,0.1049629814263462,0.10539470403438428,0.10686497027573359,0.10480602557922492,0.10424854635063929,0.10276211512967155,0.09973266464438285,0.10157703766600737,0.0982451397513446,0.0975703985263801,0.0919530099198643,0.09157687470303016,0.09295362259533171,0.09440680169458283,0.09234283055975043,0.09025207188582261,0.09223335075525296,0.09729175586383805,0.09118710857016327,0.08918167635341054,0.0892879031679207,0.0906971055059128,0.08882203175309164,0.08993986431516836,0.09202948502876071,0.0927976572666761,0.09692316606029552,0.09922103965298987,0.0977072994403792,0.09311493939226996,0.09919060095837184,0.10149222665264157,0.1000398764531539,0.10135084386278488,0.1021492322789594,0.09988518453450501,0.0988337967588796,0.09682736912365816,0.1007262305889384,0.09994154122599617,0.10084233148263973,0.09843586041414344,0.09695377111363802,0.10183116501096307,0.09903259231470127,0.10184136700504809,0.09971607594263443,0.09969625863123319,0.1025229453662418,0.10265682417382133,0.10028262253267052,0.09853372443057976,0.09788778546191139,0.09962361202221487,0.10143835236077603,0.09738979572413882,0.10017255752637044,0.09955320938156911,0.09707916353210526,0.09452175859526898,0.0940069207450761,0.0966604852523493,0.09430298098752912,0.09504722805164673,0.09865766387575635,0.09916494095656847,0.09732922130365915,0.0987007603951432,0.10159344141352164,0.10053409337702177,0.09768190310189459,0.0983481249388664,0.09522362156345532,0.09491435314373023,0.09675917344900846,0.09381804873092589,0.09347944315785517,0.09608825375463102,0.0938111258700039,0.09450639143391762,0.0986799081189842,0.09540835646238835,0.09309131983803431,0.09352974091853192,0.09452139291528838,0.09660056986958054,0.09542759522442001,0.09099074942042548,0.09309431552798336,0.09211803728156653,0.09683370025098574,0.09344325493904437,0.08838923855291941,0.09221827242485858,0.09076334096044725,0.09446244355564998,0.09499152847483638,0.09274888154701746,0.09419141703385758
