0,1,2,3,4,5,6,7,8,9,10,11,12,13,14,15,16,17,18,19,20,21,22,23,24,25,26,27,28,29,30,31,32,33,34,35,36,37,38,39,40,41,42,43,44,45,46,47,48,49,50,51,52,53,54,55,56,57,58,59,60,61,62,63,64,65,66,67,68,69,70,71,72,73,74,75,76,77,78,79,80,81,82,83,84,85,86,87,88,89,90,91,92,93,94,95,96,97,98,99,100,101,102,103,104,105,106,107,108,109,110,111,112,113,114,115,116,117,118,119,120,121,122,123,124,125,126,127,128,129,130,131,132,133,134,135,136,137,138,139,140,141,142,143,144,145,146,147,148,149,150,151,152,153,154,155,156,157,158,159,160,161,162,163,164,165,166,167,168,169,170,171,172,173,174,175,176,177,178,179,180,181,182,183,184,185,186,187,188,189,190,191,192,193,194,195,196,197,198,199,200,201,202,203,204,205,206,207,208,209,210,211,212,213,214,215,216,217,218,219,220,221,222,223,224,225,226,227,228,229,230,231,232,233,234,235,236,237,238,239,240,241,242,243,244,245,246,247,248,249,250,251,252,253,254,255,256,257,258,259,260,261,262,263,264,265,266,267,268,269,270,271,272,273,274,275,276,277,278,279,280,281,282,283,284,285,286,287,288,289,290,291,292,293,294,295,296,297,298,299,300,301,302,303,304,305,306,307,308,309,310,311,312,313,314,315,316,317,318,319,320,321,322,323,324,325,326,327,328,329,330,331,332,333,334,335,336,337,338,339,340,341,342,343,344,345,346,347,348,349,350,351,352,353,354,355,356,357,358,359,360,361,362,363,364,365,366,367,368,369,370,371,372,373,374,375,376,377,378,379,380,381,382,383,384,385,386,387,388,389,390,391,392,393,394,395,396,397,398,399,400,401,402,403,404,405,406,407,408,409,410,411,412,413,414,415,416,417,418,419,420,421,422,423,424,425,426,427,428,429,430,431,432,433,434,435,436,437,438,439,440,441,442,443,444,445,446,447,448,449,450,451,452,453,454,455,456,457,458,459,460,461,462,463,464,465,466,467,468,469,470,471,472,473,474,475,476,477,478,479,480,481,482,483,484,485,486,487,488,489,490,491,492,493,494,495,496,497,498,499,500,501,502,503,504,505,506,507,508,509,510,511,512,513,514,515,516,517,518,519,520,521,522,523,524,525,526,527,528,529,530,531,532,533,534,535,536,537,538,539,540,541,542,543,544,545,546,547,548,549,550,551,552,553,554,555,556,557,558,559,560,561,562,563,564,565,566,567,568,569,570,571,572,573,574,575,576,577,578,579,580,581,582,583,584,585,586,587,588,589,590,591,592,593,594,595,596,597,598,599,600,601,602,603,604,605,606,607,608,609,610,611,612,613,614,615,616,617,618,619,620,621,622,623,624,625,626,627,628,629,630,631,632,633,634,635,636,637,638,639,640,641,642,643,644,645,646,647,648,649,650,651,652,653,654,655,656,657,658,659,660,661,662,663,664,665,666,667,668,669,670,671,672,673,674,675,676,677,678,679,680,681,682,683,684,685,686,687,688,689,690,691,692,693,694,695,696,697,698,699,700,701,702,703,704,705,706,707,708,709,710,711,712,713,714,715,716,717,718,719,720,721,722,723,724,725,726,727,728,729,730,731,732,733,734,735,736,737,738,739,740,741,742,743,744,745,746,747,748,749,750,751,752,753,754,755,756,757,758,759,760,761,762,763,764,765,766,767,768,769,770,771,772,773,774,775,776,777,778,779,780,781,782,783,784,785,786,787,788,789,790,791,792,793,794,795,796,797,798,799,800,801,802,803,804,805,806,807,808,809,810,811,812,813,814,815,816,817,818,819,820,821,822,823,824,825,826,827,828,829,830,831,832,833,834,835,836,837,838,839,840,841,842,843,844,845,846,847,848,849,850,851,852,853,854,855,856,857,858,859,860,861,862,863,864,865,866,867,868,869,870,871,872,873,874,875,876,877,878,879,880,881,882,883,884,885,886,887,888,889,890,891,892,893,894,895,896,897,898,899,900,901,902,903,904,905,906,907,908,909,910,911,912,913,914,915,916,917,918,919,920,921,922,923,924,925,926,927,928,929,930,931,932,933,934,935,936,937,938,939,940,941,942,943,944,945,946,947,948,949,950,951,952,953,954,955,956,957,958,959,960,961,962,963,964,965,966,967,968,969,970,971,972,973,974,975,976,977,978,979,980,981,982,983,984,985,986,987,988,989,990,991,992,993,994,995,996,997,998,999
0.08455199020939799,0.0819481398498007,0.0837928916020856,0.08697749030760464,0.09574608661056473,0.10128140985205608,0.10809096410221515,0.11448344491685182,0.1207130137092287,0.12953116990779295,0.1393053474541159,0.14540149525487928,0.15307044765341307,0.16368232531659854,0.17454281852553227,0.18820334290217136,0.2018068843839952,0.21236090173923208,0.22715504300494754,0.2379551865722564,0.24933725558286335,0.26218618731862653,0.2736809191989293,0.2875135002917931,0.2990840470226364,0.3114746093775444,0.3271494694682676,0.34228136057380765,0.35742744553786643,0.37025314255935016,0.38134720268410177,0.3914516386056789,0.4037902949430008,0.41506309946256253,0.4288326615555401,0.44324573884328755,0.4570005799466719,0.469215599557322,0.4824484326993263,0.4946632195643465,0.5062467447776902,0.518123347574012,0.5302603289814788,0.5405671500878994,0.5523767585433237,0.5649662240078943,0.5796796527344018,0.5934263122511935,0.6044353740629151,0.6164014597229791,0.6268575840921151,0.6381387043785365,0.6493695941181222,0.6591889331805879,0.6709956665494825,0.6794486765795824,0.6898416805056682,0.6984119243605433,0.7104781354935161,0.7200380834535187,0.7296461311289945,0.7411793522922098,0.7510267978172988,0.7602034652880549,0.7700364397563163,0.7784973989923865,0.7880278373433987,0.7964472537083312,0.8029313040960812,0.8121168776994749,0.818531815870222,0.8233513086171318,0.8313349186586392,0.838230868303007,0.8441873117497762,0.8493278602453337,0.8567211079043751,0.8640861341967405,0.8700429400824744,0.8774438394981245,0.8836292559774362,0.8882059203406155,0.8941116208024807,0.8997088748256512,0.9028533087073063,0.9065804416307897,0.9116784086127804,0.9152461636565105,0.9170515171527946,0.9208359930386085,0.9230981977547,0.9274103534347735,0.9313073245071323,0.9359345295205584,0.9385821510439767,0.9418390863791727,0.944060757484379,0.9472648644945,0.9495971294088363,0.9518864577915953,0.955139919809907,0.9567650758213325,0.9587947617386006,0.9615209510715846,0.9640731889996801,0.9658967970882582,0.9667527336951309,0.967931043159429,0.9702452916974075,0.9721020607710301,0.9734568634242238,0.9743820742032863,0.9759599562226746,0.9771828548532653,0.9781112297444478,0.978828316319986,0.980827255918492,0.9815453353393516,0.9819845887685206,0.982648046145895,0.9838761912896197,0.9841495640154784,0.9853406964303331,0.9861284361390596,0.9868394204365941,0.98705137029213,0.987149241787833,0.9882050762923886,0.9890105639357849,0.9894309069044563,0.9898789445867887,0.9910285651741582,0.9915582198470447,0.9920989789053317,0.9928777023088701,0.9935316427355808,0.9937597855798331,0.9937327775117393,0.993962952894937,0.9943112941017859,0.9943007365480361,0.9947676703443197,0.9948936816387223,0.9955668971714878,0.9954627350093691,0.9956273771610189,0.9957119242972804,0.9959136450861101,0.9961839445238602,0.9961627808100312,0.9961492075251894,0.9961556290699207,0.9963356555296184,0.9962675281800297,0.996563637601639,0.9968314615450204,0.9971320877208362,0.9970541678012548,0.9973339191039863,0.9976561738010322,0.9977859059594235,0.9979181180773946,0.9978244406761134,0.997887827347724,0.9980220297710052,0.997869537093147,0.9981746634167625,0.9983157198907279,0.9983788374178133,0.998342928658159,0.9984503201895625,0.9985257619201998,0.9986548440228293,0.9988087534143203,0.9988990640475472,0.9990536275586492,0.9989382836727999,0.9991339303030571,0.9992248153378129,0.9992202775519123,0.9991999644493929,0.9992375347172352,0.9992472407945219,0.9993502895836827,0.999387355725073,0.9992664031189373,0.9992753001752832,0.9994055677374064,0.9994132189737893,0.9993787177763536,0.9993878726345554,0.9993723022857837,0.9995284397983178,0.999504863883176,0.9994697098655756,0.999554133150076,0.9995446976515272,0.9995589673340587,0.999540594643137,0.9995351784440476,0.9995192815826983,0.9995354723023397,0.9994864885341295,0.9994048085716142,0.9995142025071551,0.9994713233588348,0.9993924447067889,0.9993707631822687,0.9993805477669504,0.9993377485959303,0.9992790898317604,0.9992584315741736,0.9991422788926915,0.9990917185038255,0.999002402168475,0.9989720570688899,0.9988717859695647,0.9988536964013073,0.9986889555946695,0.9985603841304972,0.998292521275308,0.9982514785007307,0.9981886020958392,0.9983443591991162,0.998000968135529,0.9979866380313857,0.9977282683658113,0.9976113274503515,0.9973034661098563,0.9969232677591736,0.9969016632552659,0.9965831392229221,0.9963278718464298,0.9962209870027803,0.9957047014848288,0.9955502943240634,0.9951872575844836,0.9948719437964313,0.9946337504612128,0.9949096329049902,0.9948027950105076,0.9948267909042255,0.9943752290733516,0.9938815140391586,0.993554751565718,0.9933394731251854,0.9921822766421511,0.9916655498047712,0.9912805073535124,0.9909759763793738,0.9902851178803641,0.9899271128638031,0.9895711002670788,0.989537842187472,0.9888758701603229,0.9884491385275227,0.9874523780965585,0.9869665052870705,0.9864693810393681,0.9860956484763582,0.9856119698577652,0.9849934186202585,0.9849991408420476,0.9844479790987912,0.9843328735901453,0.9835417832231776,0.9840423731850592,0.9838528976036196,0.9828034381393698,0.981799413139101,0.9809909915404611,0.9799293737652548,0.9784268275792791,0.9779073696301823,0.978161567220478,0.9780529519592982,0.9772227982543423,0.9769148288916993,0.9758067113680484,0.9757979566247326,0.975542311222943,0.9741482792855968,0.97343444326726,0.9722280740892448,0.9710205071295088,0.9701280920600042,0.9698835013475166,0.9693841261685747,0.9676913363040803,0.9671353365117842,0.9655240422258676,0.9634374947871962,0.961662292202447,0.961087990804781,0.9596544442519657,0.9579050022339038,0.9572480164845172,0.9553791409084532,0.9545515939004361,0.9526504484234352,0.9536912055968696,0.9529836968537265,0.951632467752352,0.9500519662320146,0.9494935814034995,0.9468962859414646,0.9464820168599815,0.9452433009665693,0.9446963959183651,0.9444457099799987,0.9445214298873447,0.9436256989930508,0.9414126041547991,0.942278540364699,0.9397484756071907,0.9389302142618982,0.9376837001306565,0.9364526633710976,0.9361110810623599,0.9352891971747025,0.9352193628697079,0.9331305034661007,0.9308601140679639,0.9290628664006004,0.9280355949364933,0.9265388857838407,0.9268011848831822,0.9260513750771797,0.9245698444073013,0.9245984497733167,0.9237795033301475,0.922163169894679,0.92192961243838,0.9206859838168296,0.920653413129569,0.9214188691646066,0.9187294421614357,0.9166987205100887,0.9139621859558948,0.9132414296491297,0.912782678997284,0.9125498909311864,0.910704871677613,0.9096936108058721,0.9071194279610999,0.9065764720068396,0.9063964021454514,0.9048447280683456,0.9037647362777242,0.9034114498384254,0.9012729199160416,0.9000050157660803,0.8984397048872329,0.8956621409852307,0.8955297121968745,0.8945561238291664,0.8957488883844086,0.8947718594257027,0.8929747518250402,0.8920155738788984,0.8893324025452983,0.8869945043658121,0.8863841643789039,0.8851339540652718,0.8858863747434674,0.8839037438700451,0.8816521713283038,0.8795522054326049,0.8778060512843483,0.8764202910374709,0.876125625947872,0.8728086689856269,0.872127324839732,0.8684178183567763,0.8662534528011133,0.8634576836985992,0.8624859612206005,0.8606578797365816,0.8608693438361683,0.8599518642257539,0.8588551780526668,0.8556206804539567,0.8555356640635035,0.8538919662883301,0.8517318310748037,0.8498735159142403,0.8472201602439295,0.8478684286812167,0.8461878185605811,0.8462361953077692,0.8441061668093025,0.8417536520404616,0.8418455297771971,0.8399615736170993,0.8383367000769419,0.836186462132258,0.8351471563580302,0.8324046185745633,0.831167492833368,0.8296027811379975,0.8285640840570445,0.8252672965954992,0.8237629494702462,0.8204468795991439,0.8209548148260046,0.8181672590144202,0.817589309499722,0.815550248440386,0.8137441064675377,0.8117783668895108,0.8093673579102032,0.8076777381240536,0.8070658117650179,0.8086123882755168,0.8057813002359085,0.8050053061731071,0.8051448244392853,0.8043525627568968,0.8012044373256407,0.7994037576014371,0.7988785864714507,0.7976341842749508,0.7967866761349928,0.7973348773987641,0.7948331930417887,0.7920591796463511,0.794017162689712,0.7920881440401274,0.7881941190824477,0.7884554892724955,0.7899166803115698,0.7888133488849889,0.7897349149499634,0.7895152722866654,0.7862338966590938,0.7839203268866997,0.7831845381749111,0.7822841052326831,0.7808726485860835,0.7817475019758379,0.7775160298786354,0.7766842178113926,0.7756611214384381,0.7731739490683929,0.7682579946439625,0.7707220965592455,0.7688112261699683,0.7678620425366931,0.7658481550392984,0.7619929363397405,0.7612575642837546,0.7590254957200605,0.7578062019698826,0.7555953739524383,0.7529096416614215,0.7531324626259306,0.7514867678426579,0.7495042347125626,0.7502859945156394,0.7521992511874183,0.7491516761248761,0.747730656246312,0.7482848155743609,0.7498510232221787,0.7475054729515349,0.7476598965439848,0.7475405922032671,0.7468074414114093,0.7457589792125772,0.7439525070690384,0.7411834709412782,0.7415458452799303,0.7410423172300536,0.7381879094615441,0.7390896358957845,0.7419870320731502,0.7410988737097698,0.7404242747443324,0.7395532471100427,0.7368609586868021,0.7353287638697011,0.7315928006802142,0.7270492243885118,0.7258117094428806,0.7272125108868207,0.7257030976548465,0.7216342871861489,0.71951082824399,0.717184922937865,0.7175868622787733,0.7169538458749338,0.7195186761292143,0.7147827778770908,0.7125935112171304,0.7111377080879646,0.7094715760997743,0.7099547692602164,0.7097940085870552,0.7067063151135348,0.7062162584668756,0.7039003458700174,0.7034272241952493,0.7014068947070836,0.699729372009658,0.7013867396885769,0.7002523325945937,0.6993752050233009,0.6967019609105922,0.694369716228766,0.690755670067351,0.6923972131336577,0.6912210231656997,0.6905775513354553,0.691205817746728,0.6864522606081468,0.686398016422476,0.683883510409666,0.6830128035880553,0.67983453164451,0.6788896396740589,0.6790110612073146,0.6777507382143455,0.6775077043841969,0.6755061449674632,0.6732314605035957,0.6701474618836657,0.6675225631907182,0.670044202316007,0.6700032195537888,0.671065265865492,0.6715102993214995,0.6738642119811027,0.6717071334856627,0.6647882211691037,0.6639014170805084,0.6618192420376687,0.6624394202031167,0.6607590953478863,0.6594081681800623,0.6601236896195295,0.6637078704527097,0.6616874024813586,0.6623317359525532,0.6646267589536622,0.6637943538436855,0.6625143507556013,0.6627562443037973,0.6608296798830421,0.6592188156262527,0.6586543561994926,0.6547661435328229,0.655124182529797,0.6542547721366456,0.6535300297509535,0.6551784173121693,0.6548047757296583,0.6527400748280593,0.6534443621742229,0.6526751766961094,0.652963459538499,0.6516846755309578,0.6520393208966415,0.6479368238107732,0.6458843456996394,0.6438165431062671,0.6430017980988771,0.6415113904448602,0.6397985906885729,0.6402196144239903,0.6361189073217485,0.6369072128415652,0.6362888584694764,0.6331273096779896,0.6296944191508007,0.6236403518528109,0.6231881377140376,0.6248511066715516,0.6234537652743997,0.6237428943827954,0.621543794914232,0.6183762004674754,0.6170507672114653,0.6157769124296832,0.6142152842845998,0.6132234445755644,0.6125837704871411,0.6117618231010777,0.6074200595836655,0.6059561097258168,0.6045242399899021,0.6012692263063997,0.5988593636359102,0.5991070863341715,0.5980649081578366,0.596870924863077,0.5936306155927803,0.5879481959649016,0.5848004991516937,0.584956972469861,0.58424091196269,0.5821816124759104,0.5811691780792839,0.5819227970100799,0.5824693649017777,0.5839785299647795,0.582433948501209,0.5791065891987168,0.5782207609474546,0.5803569086384652,0.5793632537947776,0.5779741746017174,0.576034363387357,0.5764310195118231,0.576425846390965,0.5735102845666317,0.5716012904071708,0.5710999398437592,0.5702046606820635,0.5667792400990453,0.5668566864956639,0.5650262587244476,0.5658289481200807,0.5671625565406717,0.5680692426463511,0.5653348891549598,0.5632013325297219,0.5594760496681714,0.5584573740088918,0.5595068455908204,0.5611632838109515,0.5620677386534603,0.5601033459815337,0.5581842349964736,0.5547641137389056,0.5566968868519981,0.5513810836751594,0.5480938247847275,0.5458014704576784,0.5440659219105739,0.5416167654436981,0.5415968811315988,0.5397294455732058,0.5358706162681683,0.5359407686294887,0.535926161063469,0.5316661958782778,0.528509485280834,0.5299954679619969,0.5279845442133931,0.5288014884914584,0.5301733185276681,0.533887966024474,0.5334453824259936,0.5286677257719024,0.5293094984905149,0.5267317226086887,0.5218857610016082,0.5185119540806998,0.5199681833279277,0.5174415151362982,0.51967038589867,0.5164988689824062,0.5159752288140631,0.518432758755451,0.5138111117643576,0.5112620851495934,0.5095866850719956,0.5088207413080817,0.5082080800315772,0.5090411404753667,0.5095257681361265,0.509290629776048,0.5098206287472984,0.510459279525168,0.51242520547696,0.5137263379106952,0.5122405183906485,0.5131921541279545,0.5126404858778969,0.5094925502508776,0.5080044188068688,0.5077961602480225,0.5045394222365615,0.5018840666382615,0.5025933997812694,0.5031493351351507,0.5043258100806401,0.5034016231443872,0.501778108539867,0.4995299896692198,0.49832596638830323,0.4970819095017849,0.496770486423614,0.49584733891737903,0.49358552976436454,0.4919575854258645,0.490853642329582,0.48761359719241626,0.4842276121439714,0.48595837959752997,0.487034663203227,0.48848407467687793,0.490942930060961,0.49290740672977856,0.4906244496251461,0.4892628932985946,0.48789487042201385,0.48887158080784154,0.4887362937519199,0.4880136212807655,0.48573613039926755,0.48383295374583135,0.4836447445443243,0.48196461853683764,0.4837687232509467,0.47998837978999254,0.480646427771182,0.4796889287631618,0.4770825523381906,0.4735212611296617,0.47303984088841244,0.4703316834168659,0.4683498007705718,0.4689357174351761,0.46905668632025865,0.4661435089892785,0.46394759582292755,0.4648853493219521,0.46346168597579784,0.46313347926817094,0.46421643891863196,0.46288988476391696,0.4625932542847129,0.4597989676588512,0.4608950652019367,0.4596113944867811,0.460398803945732,0.4557628488242523,0.4546786351147649,0.4514927948833824,0.452774116072851,0.4528206183781721,0.4536674677286032,0.45308075122095565,0.45426700223121913,0.45505331074392624,0.45506085575177707,0.45437721526717695,0.4575310519106172,0.4548113533321789,0.45423538217395176,0.4552772541074439,0.4583281897396331,0.4549194654002079,0.4527941410472416,0.4535192593950115,0.4511560248710139,0.45115883804538,0.4510861246211227,0.45285747808923416,0.45390702147990597,0.45001922086684404,0.44936498853011114,0.44908868984195016,0.4468910063712837,0.446260616688774,0.44372164855504054,0.44270870565532106,0.4408705743460854,0.4442086990649033,0.4427739522558683,0.44381355240113535,0.4459263523648849,0.4457236126295344,0.4451409939860389,0.4433538504826657,0.44296430127208253,0.4407437279419203,0.4370088718455591,0.4377678576354803,0.4344421450645134,0.43516722288130233,0.43717285431660424,0.43626309201550084,0.43669104936431147,0.4391908407673997,0.4379630379621458,0.43499821666074906,0.4341178633400974,0.4349985803580859,0.4355691880071167,0.43243620041649444,0.429139335100151,0.42767630754664393,0.4251234862254564,0.42749080446588733,0.43037072318809927,0.42690107692119417,0.42479808398028823,0.4245460624657881,0.42568714400172114,0.41948487911705057,0.4188032916538609,0.4183489156572194,0.4168429660266474,0.4183360365118042,0.41946440956300557,0.42046191364960706,0.4184597875822972,0.41969063615182717,0.41479010479699985,0.4159780248881647,0.41516667665562684,0.4136296114119284,0.4130645535407094,0.4100391538897415,0.4073876664201024,0.40739819265009153,0.4075899016514503,0.40608235296674833,0.4075876860515696,0.4034273085727391,0.40305679621456997,0.40125569178924936,0.4054045970711095,0.4012500381671341,0.40023213227956794,0.4004639299395225,0.3972365027579165,0.3955138100652573,0.39488378215515113,0.39487357727399136,0.3940123842092852,0.3946343738245515,0.3930662956170234,0.3895048852546841,0.3924089855912642,0.3909213993628486,0.3868223832657895,0.3869628567188828,0.38821521070330367,0.3867504678211769,0.38679526776584106,0.3859465663780874,0.3854329542466287,0.3847920116188839,0.3833027429011148,0.3815882639597347,0.38192581102719103,0.3813759011553756,0.3816526930283963,0.38086287719219003,0.3774418798884483,0.3772540267629927,0.3756452218527581,0.3779027506358994,0.3792023199630235,0.37533601820913376,0.372862822633088,0.37218999015628784,0.37285524787119206,0.37275330401423756,0.3746951403006231,0.3760141147924771,0.37562260784832885,0.3713579038869818,0.37130616155789103,0.37061695524166605,0.3683241608248725,0.3686643304844651,0.3627099680525035,0.3619177032401711,0.3598150534229212,0.35996240824616144,0.3571839457885108,0.3559920684345312,0.3546390895175728,0.3527070506584797,0.3499721462922377,0.3487330977147065,0.34924355602351975,0.3497239341126528,0.35158738260367295,0.3540493559398892,0.35475031521782524,0.3545363644066294,0.3557592574414025,0.35449246421338737,0.3539839332514711,0.3519470032423983,0.3547778022941071,0.3546165064239078,0.3524960982480604,0.34931813570303916,0.34860364960223855,0.345843640015118,0.34523698951874005,0.34514021609139783,0.3455297757121577,0.3449835592308713,0.3464033889862988,0.3454582366425852,0.3448927786958629,0.3461325067765367,0.3439641011251851,0.3428576538196955,0.34214055883785854,0.342263427633934,0.34057231375664015,0.3400395718608065,0.3368942851986338,0.3353904612329313,0.3339913543098465,0.33634867528020834,0.33476449653551804,0.3341854352989835,0.33068849391280525,0.33107636977221994,0.33383266013028057,0.3305257924276762,0.3324500399422522,0.3342507360285193,0.3334888122246376,0.33405785955143,0.3350017208843783,0.33346825423525867,0.3322815571418062,0.33217506649314127,0.33146278058891304,0.3302790700018005,0.3287645133247123,0.3304520486637734,0.3313056171166219,0.3308448491228703,0.33045633809540215,0.32828040344763687,0.3287396358802425,0.3250574762136633,0.3251580676697827,0.3273038504002018,0.3261429903314586,0.32606968686428917,0.3269216136849986,0.3266152144597065,0.32965318712529323,0.3312348319033791,0.32991618310949294,0.329732551319538,0.3268586371762292,0.3264584485173364,0.3258694809238884,0.3262985732525395,0.3258711441834782,0.3231383191322117,0.32255378015241964,0.3233568359452109,0.321665348358399,0.31903827515825256,0.3188405996516328,0.31780102940119553,0.3154638434529318,0.3140697974672167,0.3142056252219947,0.3151153211567625,0.3116944610296349,0.31458771932502944,0.31333578655116107,0.3139226416119054,0.3137792175512204,0.31245198488532744,0.3132805265130626,0.311456856781888,0.31032071009559,0.3099536334375415,0.31101920321309817,0.3109466838064409,0.31044757601240514,0.313371059641441,0.3153954385279205,0.31543072382667475,0.3134617592390128,0.3125605138205934,0.31389037360501887,0.3146663289775223,0.3130644866492793,0.3135035485936829,0.3135413894137499,0.3138226685849947,0.3115845859140666,0.31181737098431905,0.31166335818819296,0.30970180865537844,0.3086158398853308,0.3095445219295277,0.30962056934130944,0.3079013138017468,0.3084794912619948,0.3098170929643662,0.30983916746938334,0.305550221380426
0.09766452669207508,0.09942358887089274,0.10187388699166226,0.10029185905477771,0.09969778774389809,0.09877724890663925,0.100065726830727,0.09818770622894286,0.10084021045796378,0.10195361305331485,0.10127910329912371,0.10313465895673386,0.10255223860491362,0.09973200369133138,0.0980828492683305,0.09774087822558576,0.10033669082835721,0.10200073338094125,0.101922598616413,0.10206895834658206,0.1027371917149463,0.10194757256667707,0.10072906866361314,0.1010645233297291,0.10022434412708778,0.09865723036618038,0.09768997665698347,0.1005342501674959,0.10100937018465896,0.09813587128272121,0.0978395560365412,0.09720515678650728,0.09904795313005454,0.09835033520169312,0.09872273653423806,0.09839038049315695,0.09798736603360386,0.09932928576013116,0.09942155002668052,0.1007105827749896,0.0993014006302984,0.09826128469396746,0.09531496620939184,0.094470015371509,0.09167419239624447,0.09008923148477538,0.08896794834359166,0.08873613105287939,0.08663348899153515,0.08927876263519995,0.08727344439432361,0.08459402934519025,0.08367924548038076,0.08393924853168525,0.0829852438899412,0.0828508817622805,0.0821347571823285,0.07994368333145109,0.0773906416602479,0.07548122960187269,0.07346198930196027,0.07112714063750845,0.07362875989483951,0.07176958811820326,0.07182507677959932,0.07057884217599655,0.068542210919802,0.0665663313695146,0.06420763687942088,0.06339447212886926,0.062182644245698776,0.0610125364567233,0.06111706616379971,0.05967004369100222,0.05850709190043447,0.056980503284944646,0.05473115625871069,0.05254364751839291,0.0526418440058738,0.052655682708259655,0.05164884349467778,0.05203261438606495,0.04975833940482272,0.048939493382683726,0.04755583579217273,0.04741811898430683,0.04505782079749169,0.04361008975651446,0.043109260272071334,0.04193052250616979,0.04151133373311889,0.041341637193842234,0.04102198967546112,0.04041361459870647,0.040076665633072536,0.038908143291360234,0.038508321962177544,0.038619016657877314,0.03779383558595234,0.03765521734846678,0.03652944891582667,0.036239487207162864,0.03553774259870287,0.034718917543188274,0.03360139322450028,0.032625650705739494,0.032237501417756186,0.03203488659071577,0.03201133611294675,0.030202897559287126,0.029926318645565192,0.029306001669452863,0.028943522291718527,0.029211923112019002,0.028854761360672523,0.02943359790937333,0.029624103422145345,0.02940365556692913,0.0297597338921247,0.029114042967197926,0.029430606555237156,0.029882560224091744,0.030105404098238406,0.03066996113560767,0.031114616855828458,0.031476513501227,0.031333801599708735,0.032039456242940086,0.03153733995751068,0.031690817172104285,0.03166520415370767,0.031538134665479896,0.031240436320824672,0.030874490374892632,0.03083119653491454,0.03064050645834268,0.03047665378873781,0.030095589316341174,0.030259497013987457,0.029845503276548956,0.030067688832704612,0.03029853908278237,0.030336809892255418,0.03063466032562767,0.030448894662432457,0.03057565537152039,0.03030039113326694,0.03055132272476256,0.030297480858128983,0.03051210366662584,0.030191617718836928,0.03030291779902848,0.030705357258087665,0.03071558280307931,0.03069964822383569,0.030672665831625073,0.030763510828801056,0.03064688551163411,0.030908753960062305,0.030992220072561416,0.030724883758971776,0.030794563297129623,0.030916085252528678,0.031063435903380725,0.03127192160025763,0.031148974927787485,0.03112402976785892,0.031258228895554296,0.03125866519570494,0.03139758385977157,0.0314505298900333,0.03158203478888656,0.031386052887794856,0.03125296804523004,0.03133406931744951,0.031332501127343815,0.03109993125758007,0.031184703903213075,0.031226030718947806,0.031197452053847163,0.031206507145351135,0.031220419702912974,0.03112873582489159,0.03125918191361156,0.03137886413764889,0.031445169731222675,0.031428774273701894,0.03139271024446997,0.03137239153851962,0.031331942748183524,0.03138606897104286,0.031418936991728284,0.0313629934975511,0.031415630598294504,0.03146201958047061,0.03140338320886944,0.03139722012737801,0.031387293764263996,0.031437446987081466,0.03144946606607002,0.03143721468196384,0.03144276115081954,0.031500382597495984,0.03144417582622319,0.03139746970345711,0.031440753943693805,0.031528158667563456,0.03160569655530568,0.031591251636167814,0.03167495768776343,0.031688975794038565,0.031678821252876105,0.03175997024278805,0.03169802234741451,0.03171759678178439,0.03181021046826205,0.03189726936961719,0.03190326431422589,0.031978488300977374,0.03184648672621699,0.03216521049818733,0.03222913565113177,0.03215238052847336,0.031822585393013005,0.03165542674663964,0.03171205417110426,0.03176194643334965,0.03187512984649507,0.03194651465525333,0.03209550488501252,0.03221447965804563,0.03234489998118183,0.032618010372434926,0.032593458877802066,0.03274285157416338,0.03261693026924474,0.03290262550620911,0.03308005022763165,0.03297525700008263,0.032972903658001596,0.033141781669676254,0.03269213108255973,0.033508467964452796,0.03353964574154402,0.03327941935654503,0.03359592587375855,0.034173380240612436,0.034507185033921126,0.03525508357200941,0.035070510207146174,0.03548193712366778,0.03536807073544575,0.03558881863415035,0.03501045667738298,0.035054217236124334,0.03507040923299605,0.03539670107793505,0.03508164453737487,0.03520165987861722,0.03516774818317851,0.03508379976601335,0.03526407565587068,0.0345938636603275,0.034605944679061196,0.03469609937844173,0.035977020490523336,0.03533595969762133,0.03506256356951042,0.035579037130638314,0.03609230178464825,0.03579340782001205,0.035431370069663196,0.035301156376021055,0.034551912870010734,0.03523684699294855,0.03486019188371834,0.035141379690818465,0.03430201580710874,0.03431282606334765,0.034096811537090266,0.03467400004630301,0.03556309486261015,0.0362109765764348,0.03491123567835088,0.03536772893813492,0.03529016926940512,0.03540822233715962,0.036128847815916396,0.03633895182995144,0.03595041685803834,0.03758086719861514,0.03697937542441176,0.038296804229669315,0.038721525586508015,0.03864359094200871,0.03834413993563131,0.03930648290258897,0.040182881260943965,0.04091919957241232,0.041044480075817756,0.04084455900084645,0.040454478423133676,0.04111543860436728,0.040444255055921016,0.04070587356768917,0.04057997173596644,0.04018916609157305,0.03966927166413675,0.03917829296292376,0.03945633522071117,0.0386404542063536,0.03873464720572957,0.039742806156597345,0.03960410029744751,0.03932934209497882,0.04018417842024082,0.04138300853153383,0.04141795324316498,0.042341467312182,0.042908387289800204,0.042958484410975106,0.04167694171439483,0.04215064693257091,0.042712997033795205,0.04273014203510135,0.04119458267085218,0.040659110729358815,0.03940084853300944,0.041204604052398244,0.041015331199221024,0.04144216302270601,0.04252064730234114,0.04254075957336315,0.041708253824038685,0.04189638767056553,0.04246385429214064,0.04296713901733815,0.04318021646405811,0.04363990180705338,0.04285661526695589,0.042033623617663204,0.041871777537533544,0.042820674538735955,0.04379950331467174,0.04311671842016796,0.041239378401536395,0.04161729014773934,0.04442005914511572,0.046014451092195985,0.04643388064674194,0.04469972194842283,0.046989459441898154,0.04915011037534054,0.05109031861570741,0.051296366557043414,0.05075476245065867,0.05083409964392462,0.052276285673368644,0.0515943984100635,0.05210457235546977,0.052172221248604794,0.05262312330532192,0.05332980356157907,0.05286661720176739,0.05387101877410314,0.05417510281393939,0.054673959596611574,0.05589763175136901,0.054541547173692695,0.054071224774240596,0.054500464949898235,0.05698435975167222,0.057009169436988145,0.05651952762431951,0.056842713274125066,0.05646217663030066,0.05789576178820461,0.0596959575711189,0.05897238961142644,0.058168909971581396,0.05913618235928997,0.06092068742645092,0.06198677180514329,0.06426970980285301,0.06293966012893909,0.06360682615694348,0.06624573775378305,0.06674092509573042,0.06616366405123798,0.06485877477144743,0.06464616979372623,0.06397206342606893,0.062485291452589964,0.06270831658475029,0.06502292924060954,0.06586609971086844,0.06772657946615007,0.06624405045774925,0.06884927291556901,0.07056651601686123,0.07106723313636565,0.07221312620357888,0.07329620535531714,0.0735523454084573,0.07415268125894253,0.0750982888251622,0.07473880326090886,0.07540391792640942,0.07548047904183484,0.07560008298020451,0.07788951845830012,0.07857790476494553,0.07909557920771616,0.07797568035968035,0.07744704533922145,0.07771727997744447,0.07659045120150543,0.07474487040904823,0.0747751582516524,0.07633398398640766,0.07495861714084795,0.07448328657991259,0.07510827636514539,0.07795879839942288,0.07751001226650854,0.07848034036233516,0.07932484488392215,0.07913556566052647,0.07955573952678083,0.07871035372605648,0.07842844361840176,0.07831318970427223,0.07887851611624296,0.07702150261300877,0.0775701910613879,0.08038641831345832,0.07914087317646622,0.0827794433471748,0.08310143757811737,0.08441651084880868,0.08472350508235783,0.08334470370842104,0.08165722032829965,0.08116357930869862,0.07857150046655677,0.0809001882990443,0.0839630552078194,0.08203324886858182,0.08478691408206968,0.08818910283941223,0.08943215995839418,0.08717732796606695,0.08668917467852229,0.08473129930765816,0.08531216602427678,0.08464012754889455,0.08409978764121374,0.08707141261308748,0.08594082528971725,0.08238014581139023,0.07979757406736139,0.07867647312426988,0.08040128579610611,0.07998200354515479,0.08133720953773381,0.08207499206815458,0.08014056702497115,0.08016434577626218,0.07876695304465624,0.0799188527121386,0.08091505600102648,0.08220750178369515,0.08536202669590956,0.08520746964846897,0.08520621859516027,0.08624984880266842,0.08406846745945795,0.08647186724814135,0.08459654495803148,0.08744025498086948,0.08665293651875303,0.08889541076470107,0.0905148612067196,0.09070513617705926,0.0886075782862043,0.08914253350856384,0.08939561287673231,0.09333654338403699,0.09547378041817872,0.09634291438220995,0.09758658555953888,0.0969063104262658,0.0949694159501338,0.09411893179811845,0.09476618183020764,0.0938334664304493,0.09494761305232476,0.09261383022655313,0.0923767454606629,0.0926381994520384,0.09364947872149249,0.09090606382175355,0.09224060790076118,0.09385607611474808,0.09576784989778901,0.09712983939385218,0.09455402460771747,0.09599955551340891,0.09864044662303481,0.09755849042533436,0.09946012326739165,0.10005588053806504,0.10125263725347063,0.0991547494276422,0.10155094365719687,0.10071263463545882,0.09944188677841266,0.09858258669229215,0.09789984910720452,0.09879699740233314,0.0961195928004175,0.09776275072233777,0.10151467409531109,0.10051848999739307,0.10142795163932554,0.10379195192644104,0.10367218499281605,0.10111896284832719,0.10009438815777667,0.10113820870994855,0.10169227918021047,0.10430974236640779,0.10628003001314942,0.10710226678321769,0.10668397765000501,0.10666414019784579,0.10502137428445507,0.10591591589124442,0.1069449892132562,0.10723060101010345,0.1084335424109662,0.1093886992078556,0.11138270680712281,0.11085091902950013,0.11198699021418196,0.11210177276101856,0.11140452459327023,0.10716700183614561,0.10184394903121882,0.1046167521721587,0.10643588952566091,0.10658676854217689,0.10802723181058271,0.10537940230807125,0.10846021291690698,0.10978013370960453,0.11013533752828845,0.10941441413842036,0.10771988155428919,0.10836002674172177,0.10903147790990798,0.1080475958784101,0.10813512124688383,0.10823399337787663,0.10636881602188372,0.10715564829334376,0.10681052444875708,0.10562524072372502,0.10681161608038194,0.1053344933251513,0.1026428416993204,0.10396023975911221,0.10490900575650713,0.10696980721415109,0.1109737463002539,0.11008533766180888,0.10537591401396668,0.10468256139243813,0.10587154586328054,0.10470405745532878,0.10446722497226682,0.10529485501685903,0.10370850835518525,0.10381552222030782,0.10416994583208888,0.10195469568312734,0.10275813244692177,0.10288751406301586,0.10523296578626624,0.10401780347994999,0.10670652462059066,0.10799308960499644,0.11061374791296555,0.11093239199620003,0.11043552920696166,0.11242953917509928,0.1118505242959928,0.11151332230507931,0.11306846352194429,0.11425229415820844,0.11676392670194477,0.11400829972827525,0.11568515940465185,0.11289009244575014,0.11506936213124674,0.11495548955684022,0.11578492839054698,0.11788204638426505,0.11828943927862362,0.12098225057388108,0.12225490133327664,0.11955653640878867,0.11855066123113167,0.11944451232766856,0.12012025314528019,0.12002870839896516,0.1203380434842004,0.11743066663980796,0.11847626497191627,0.12107668825538215,0.12147225024973421,0.1233190720522582,0.12295332293310318,0.11907672010740593,0.12183640670300813,0.12104691476405804,0.12007803294076456,0.12040259760801315,0.1203136394622528,0.12167745093159926,0.12250779817231155,0.12242484459335713,0.12237447587681459,0.12313083781516218,0.1234707420515624,0.12660443658839016,0.1275023633813949,0.1255163009134323,0.1257887610785785,0.12672429280953415,0.12478636717738176,0.1267556062963864,0.12882800868253158,0.12388437231593251,0.12356240515649417,0.12644756695435005,0.12737653794206832,0.12735613088999678,0.12541958199043918,0.1212460585614637,0.12081760520167462,0.12340915120115646,0.12422424863664769,0.12436428956347922,0.12341746178938835,0.12501666259328353,0.12543442230865642,0.12416912209702008,0.12714578752273956,0.12871130592856692,0.13032325819508173,0.13198563043181402,0.13265849758270332,0.13401346348275955,0.1338777054679187,0.133330546787756,0.13111334483636794,0.13278269033446707,0.13522923522258667,0.13476842854253515,0.13783105508693574,0.13755807693906277,0.14043103034340104,0.14220680185270945,0.14198904737806647,0.14146760268850586,0.1438984606802873,0.14495876505428573,0.1459405577418792,0.14894637723246615,0.14823087300760865,0.14685307166895975,0.1439999721039376,0.14311023785310117,0.14261434349068722,0.14127099392577724,0.13952959302599308,0.14117055542970075,0.1425184990457662,0.14514198264472308,0.144756038036941,0.14745184217079213,0.14799099434284632,0.14909899413617114,0.14967841029895543,0.1484883019112629,0.14780797623686748,0.1460076672555042,0.14795744899338595,0.1471804304223089,0.14878227643643335,0.14897294470646083,0.14810165152948246,0.14603508231180062,0.144770369443984,0.14140597682944248,0.1399211439964345,0.14005652445545352,0.13766763090271447,0.13670946886281782,0.13700589593485177,0.13774631283023925,0.13910021491443594,0.13931063575196284,0.1427499498668797,0.14104206776258227,0.14035949137416584,0.13986306732413586,0.13726737036864312,0.14052603152001683,0.14064213168627254,0.14354851236993688,0.1444114281871034,0.1497069186112018,0.15090680756315428,0.15275431614845922,0.1579224077114679,0.15376971730973515,0.15214685312465095,0.15337850011618023,0.15272481097973753,0.15487518962432312,0.1599228533830782,0.1610439815732091,0.1601625830250075,0.15942100187566502,0.15563567984094184,0.1559729182759283,0.1558483581525853,0.15775282916715985,0.1557023127827508,0.15610417636709745,0.1574539218109477,0.15715066176596212,0.15633104429083106,0.15780100177533504,0.15868379327076124,0.16163875641874334,0.15964381617675336,0.16077469090693364,0.1614216232242101,0.15945093829266238,0.1565715252169269,0.1578543321118471,0.16045534833465813,0.1624369587217388,0.16134367722466067,0.1635610294948121,0.1652129606040041,0.1657261801682292,0.16649883341737323,0.16364018843139586,0.1653855200832376,0.16534595559246446,0.16337184786421452,0.16491913557906412,0.1676880233864835,0.17003861981525106,0.17170353151412804,0.16704295106962916,0.16813742192643485,0.16824121343854434,0.1684105343282492,0.16799817904670025,0.17200596718357744,0.1712469588167016,0.17000410123574794,0.17015248865607815,0.16936043042467072,0.16732480741311742,0.1676102624713085,0.16839788206797354,0.17084872277316626,0.17343053657099933,0.17474450744805864,0.17417989464118505,0.1706292838922173,0.17394171235979872,0.17782418727710902,0.17807592782669526,0.18336806598881278,0.18338896716919076,0.1848792520230893,0.18331449923947396,0.18643524720721288,0.18806038513761425,0.185412972322461,0.18448686705874515,0.1845599700825648,0.18472539816095626,0.18117603077751895,0.18237633050587695,0.18247923752311085,0.1817269050163291,0.18003009948400467,0.1826876189924455,0.1847529877983855,0.18566027677870395,0.18418506848987487,0.1833541816800598,0.18407297780092197,0.18218501140510596,0.18155159226428308,0.18095724369994362,0.18320811469129922,0.18380755874938884,0.1844623993851722,0.1857641142373674,0.18420439030024227,0.18341340170746898,0.18380282320292662,0.18375679363240216,0.18156396102184746,0.1792149074472165,0.17863799455701238,0.1787032805295324,0.17857143142678888,0.17821110818175523,0.18023064248879908,0.17697620464688923,0.17613299535318627,0.17359131687631157,0.17448204789288563,0.17611010083644354,0.17664518589823003,0.17926310375557888,0.18067467777022106,0.1804904573216964,0.18083704599142209,0.18258216181503545,0.18510430193878208,0.18314700678881424,0.18242179128803515,0.18578558305735995,0.18642206437211375,0.18672762093538783,0.1864619606093719,0.1882394314880407,0.19089258945605514,0.190624317690877,0.19028640990487147,0.19098480531638423,0.1923223850951904,0.19066283656689365,0.18724450166917744,0.18868366548923188,0.18728511037795767,0.1896318211465399,0.18884820558543558,0.19300755907447953,0.1904837006137385,0.19262005593401166,0.19313718240368136,0.19756387760470098,0.20193178535212822,0.19878559573368776,0.20190314104985152,0.20275696654329642,0.20172902654369052,0.20248579697225427,0.200618447070501,0.20102629324433172,0.2029801978256203,0.20213144260557595,0.2014516888344465,0.1997819134937431,0.200855707557644,0.20283195252523067,0.20274314135292854,0.20021875071736545,0.19826698536193899,0.19869911112315145,0.1981173581752455,0.19988608266354066,0.20326081419243602,0.20600541710846862,0.20638592907176562,0.20876115820821586,0.20667285900167676,0.20382965037660394,0.20520816303147502,0.20288751633789473,0.2043715371907594,0.20853720376126753,0.21027200035576532,0.20806247781872064,0.2065824879447743,0.20434705763054026,0.20595757251800823,0.20528889901124253,0.20660506183960337,0.20635640785879883,0.2061041951249338,0.20399407879123885,0.20356178028876265,0.20227892134282577,0.1995198641030694,0.20016262221494693,0.20300613521460387,0.20003659733541357,0.20155344309011866,0.20232887675733438,0.203522849920263,0.2035342268845949,0.203477830738638,0.20559853851578944,0.2097591370535845,0.20808680418730735,0.20768935944731276,0.20553098704839465,0.20703483856889499,0.20599041580346905,0.20406611631775376,0.19987854620523227,0.20014627539542104,0.19724268682966442,0.19536932569090001,0.19841778535516247,0.1975226282615344,0.19933016823067756,0.20027074299066147,0.19949046261331987,0.19907972152429793,0.19803212286600186,0.2001854322189565,0.20105303953887016,0.20261615264646526,0.20127034459014662,0.19824274865456218,0.1971369005913245,0.19840658804276107,0.19968877067147742,0.2020802592933887,0.20285278111431806,0.20055710956141085,0.2024648380035271,0.2001809672234226,0.19835471464314114,0.2015522346817973,0.20135557459010348,0.20066057690340952,0.20151037886007545,0.1981128314623538,0.20036283496149201,0.20093604195165773,0.20205366632242633,0.20511583288318302,0.20732969834521645,0.20757322526705635,0.20906699231124914,0.20955167344226794,0.20630746981501014,0.20742968153252128,0.20670094956175195,0.20873627160914413,0.2096362810368202,0.2106192053188355,0.21237765946429302,0.21045638669196096,0.20973677404682234,0.21346365830581887,0.21403150718830674,0.21147486256742445,0.21329980888389774,0.21355773028010056,0.21245808224044196,0.21413267326615604,0.21492559809691617,0.2149323279058092,0.21322896324759974,0.21355873786577365,0.21359447009892013,0.21583862187308578,0.22163251493891464,0.2203177520737619,0.21674510740467853,0.21341751457216732,0.21176255004631683,0.21425232563072225,0.2148611393827035,0.21362957195627538,0.21210141718658682,0.21250122143011693,0.213276759392596,0.21524853941536964,0.2137940642430731,0.21569817021370338,0.21723449523197338,0.2163994476080589,0.21084832551151542
0.1065311699828027,0.10719305591771326,0.10648815565247365,0.10634916015083819,0.10603344959026897,0.10531693866094148,0.10556721542646991,0.10509632278205759,0.10607547584271358,0.10368365049213861,0.10361109779312383,0.10258035381451253,0.1021857331934552,0.10173735655846965,0.10261624962609667,0.10156775210975272,0.10088131055241549,0.09894520489525893,0.09736616294726319,0.09586844588403327,0.09669028916836103,0.0953995668384631,0.09414316811321895,0.09392960995247351,0.09617730709749947,0.0964210178597048,0.09449602485243652,0.09570785339629294,0.09828210337376486,0.09771945637638665,0.09487059471188942,0.09362474946897179,0.0941386606209838,0.09193273278778824,0.09398297625726462,0.09657484288365549,0.09640970257833378,0.09607883710486446,0.09610303410184524,0.09520796637531767,0.09038412672190876,0.09131799836282967,0.09114192042462436,0.08774885471388942,0.08265786358729019,0.08475751239828287,0.08432619744513419,0.07987437053165557,0.07974780162840173,0.07969879493637602,0.0787664025940763,0.07899758877861754,0.07838406028665909,0.07682417742472794,0.07789962986385872,0.07929413921999204,0.07596411251753982,0.07595761698623744,0.07409026928762683,0.0760019789507156,0.07294141213542404,0.07223648198351589,0.07263340049975381,0.070354521415743,0.06834512748194568,0.06834197199875565,0.06615527975536385,0.06396527699622062,0.06296800140572212,0.0625596137414157,0.061186811193930976,0.06077579230742343,0.06101898574865608,0.05960032297386885,0.058369863454323996,0.05785833148533874,0.05578203804908016,0.0526616735396663,0.05154185880373249,0.049130501763498514,0.04835359057768435,0.04750140228217429,0.04773691194414604,0.045244901176900804,0.044200142770358136,0.04361790929043445,0.04356207342441455,0.04268432131793873,0.042172536832708316,0.041884193988040795,0.04090361507579615,0.04018290757610382,0.03888570758800228,0.03879468703649962,0.03854091245098255,0.03897601209042289,0.037677262465461776,0.037309723076410096,0.03694764424998597,0.03575159042689611,0.0347010585695309,0.03532716278155304,0.035598739781615804,0.03575081098833384,0.03546326189399447,0.03543360586183626,0.035028514424347096,0.03479925803985344,0.034677900991858995,0.03547284249027254,0.03598289715919568,0.03582603200517275,0.034986648664714085,0.0341842494408503,0.035060817250144136,0.035072253905958035,0.03493019502909845,0.034693519496704656,0.034770344477077254,0.0340682633486337,0.034670508115306295,0.03518856783551604,0.03512571749126063,0.03494491263616957,0.034965187366045536,0.0350382470279375,0.035112579859847365,0.03514840940406163,0.034641625796530226,0.035123854535849354,0.03500893659261137,0.03490857421985996,0.0343358049222731,0.03377247422804963,0.03330620494286172,0.03293752429180988,0.032922782551206765,0.032631036872188914,0.033024159335577084,0.03249769950513637,0.03273402993814688,0.03275629143787311,0.03265004749789525,0.03257656483670979,0.0324501431738482,0.032250996812363805,0.03243853787122875,0.03260371876470713,0.03283267835827816,0.032768476271384045,0.0327330355996849,0.03278621551424271,0.03280960010184888,0.03271791712371395,0.032506579509270835,0.03241804182595877,0.03222483705804363,0.03236551900043258,0.03207432157227501,0.03209578511093378,0.03176178072953035,0.031797234842282446,0.03211715527226661,0.032011227616531704,0.032035889063881495,0.03189426731861639,0.03192062899278568,0.03193249609912732,0.03170727493505605,0.0317156390887924,0.03180817261957175,0.03164734565900522,0.0316597301208884,0.031446622736774066,0.03136278184889976,0.03125271393483298,0.0313199267200592,0.031226637245572494,0.03125506189208185,0.031237107292085148,0.031114950506728845,0.031142377510996487,0.031163304780615096,0.03121340338238987,0.03113930104477555,0.031006036172061737,0.030974031535520336,0.03113445160750723,0.031125579798914074,0.031125609959721596,0.031089016683477636,0.031119634316299556,0.03118611296711974,0.03115949823662905,0.031114777042751382,0.031150943350459082,0.031174288120421507,0.031201378563517648,0.0311274989156114,0.03106421874104099,0.03105521175653695,0.031062563043732797,0.031064434245561205,0.031125806636714225,0.031148193215667357,0.03113602534835219,0.0311365942285037,0.031143753910339345,0.031146294737064407,0.031160771060448327,0.031093777063848627,0.03107205125273421,0.031072229855483604,0.031146629722386413,0.03119725225436991,0.0311151790211681,0.031170007991570926,0.03127331457589875,0.0313448428396057,0.031122211094633322,0.031180610027598855,0.03123026693202144,0.031231015286182356,0.03111104928207453,0.03109648326433837,0.031221233359299442,0.03134542254820583,0.03151788423680179,0.03140654747870225,0.03174364220739231,0.03158751503525079,0.031482215725679254,0.03132409753696277,0.031589707552372163,0.03131109850581993,0.03093753597328833,0.03104449091437171,0.03133545903996546,0.03138723094082218,0.031281443072149584,0.031015058792211492,0.03103091057945183,0.031407750130787934,0.031662496695512875,0.031742188971389966,0.03164753316815281,0.031046024525463376,0.03117422011079223,0.031284408524408176,0.031209305446095282,0.031092694843160604,0.030310771583453203,0.030331624737892304,0.03015681946713091,0.029612840225699176,0.030028432449799514,0.02971442959626341,0.029906175006930866,0.029611805120357663,0.029399412061683675,0.0291916574224749,0.02924867954330479,0.029263314279315642,0.029524097231825454,0.029264047111940604,0.02963541447009672,0.030331020365754344,0.030418766476086864,0.0307011859303165,0.03100786045121521,0.030831782805751974,0.03152890636713451,0.031572626824941684,0.03155921863704918,0.03143863702238891,0.031120611645350103,0.031223768081545825,0.03080330781872297,0.030715270541223253,0.030540613157242113,0.03103837167733456,0.03103366400740193,0.03046339016834519,0.030347772423004148,0.029846002466531036,0.03036869768335161,0.03127059356302661,0.03091345111103373,0.03263970678128626,0.0329451760021383,0.034308382585395286,0.03503419206620145,0.03569760443982364,0.03570635364003164,0.035831437933950674,0.03590297328307418,0.03497362894717876,0.03614582809374885,0.03638553941717127,0.03745449526143958,0.036736566060428695,0.0361934946829793,0.03640715694647161,0.03617697082231721,0.03594161511745166,0.0362424472305869,0.03563474142708281,0.03534490146421171,0.035789912928658456,0.03530907996707645,0.03622707687043956,0.03668352347345023,0.03744450910786077,0.03722480885776638,0.03626952803077495,0.03598986043558481,0.03680386344049498,0.0369680908728747,0.03727926560427983,0.03724625714332021,0.036729912607431456,0.036859544067845966,0.03663534129272299,0.037204589163538776,0.03877117373237353,0.03910466234256602,0.038308360530103426,0.03810617020307723,0.039552407735293296,0.040236572502854846,0.04110176307124238,0.0416569123436214,0.04161879080294084,0.04049963318082015,0.04072794802718927,0.04098313883811531,0.04121700338393091,0.04034398661118851,0.04030292424834548,0.04218529954729446,0.04225644752696146,0.0430517637395694,0.04393389863810291,0.04495797756578211,0.04353721592279998,0.04358176510555704,0.04337261991906964,0.04272362635775488,0.042805758896557196,0.044241267262138464,0.04424585897355108,0.0459027809069199,0.045827919259699756,0.04486988844990801,0.04354216408491168,0.043214990924345234,0.04373434675517943,0.04425689022421983,0.04412727055001071,0.04370511514979756,0.04338172190540017,0.04534891332611662,0.046000330270786115,0.04495360418046177,0.044290758417552215,0.045172078164809316,0.04594995338920815,0.04564505563119564,0.04741376810331662,0.04752337945988718,0.04784266226264806,0.0494587661639834,0.05099333188018203,0.052409678031806156,0.05098982556202556,0.05238795761492523,0.053030357705903704,0.05467281086296978,0.05214361698806215,0.05304244066089903,0.054301883939701874,0.05397138561147198,0.05398351938510308,0.05408999602297262,0.05523929667392978,0.055242326017607944,0.05555069920798803,0.055638650653209096,0.0553995076602083,0.05791274228760651,0.05785804410508421,0.05800539797983743,0.058576315436104726,0.0595527470649967,0.05748713406732798,0.05917494864578804,0.0595989930753921,0.06305962610050653,0.06343760441016441,0.06357071417378704,0.06369477260120304,0.06305328477824702,0.0630839584932949,0.06315217327897449,0.06330241087548846,0.06374755432191366,0.0635542556927643,0.06353130336664513,0.06591900734359397,0.0671524646103789,0.06959679597028433,0.07003697035236608,0.07108161104557759,0.07028501177016262,0.06970800070419768,0.06920197784329925,0.07188625038503202,0.07411156958357472,0.07694270038607925,0.07512289610228395,0.07318587782222648,0.0727392528899113,0.07203592998929637,0.07179126885692831,0.07334249393804057,0.07323989014193928,0.0703602278966774,0.07048459186363262,0.06966391638037919,0.06995160512447035,0.07004229298466669,0.07066172912245955,0.07112991917324539,0.07070227386280918,0.06946261103661056,0.0691086638087678,0.071138813745039,0.07133832515250434,0.07187965636513505,0.0724246691866032,0.07209744282816649,0.07350863394993441,0.07308751163219733,0.07333854028957117,0.0741921438185418,0.07504499633306543,0.07565823957960906,0.0742406569172817,0.07444190981548789,0.07558451765622136,0.07367144487715359,0.07537672965820262,0.07763615712863675,0.07686391349328713,0.07699896411560664,0.07832300003577453,0.07631375315672988,0.07409631411465151,0.0760492273929693,0.07550323965133905,0.07333568633615392,0.07191423464161945,0.07146745226416727,0.07228482308870628,0.07259311145480812,0.07155393397728352,0.07106112387814538,0.07089292948601093,0.07356440960938582,0.07502668045459253,0.0749559181504259,0.07573040192657671,0.07709319356747853,0.07835580975937562,0.07877091125830893,0.0806726601616914,0.0813517584961727,0.08058872448365026,0.07879525999331072,0.07858826431139587,0.07769915274847279,0.0786549272189637,0.08079912849913656,0.08281210174979116,0.08316514206383684,0.08380749306331127,0.08110817046804744,0.08073336938102806,0.08104798031602835,0.07787993486890825,0.07494965999806441,0.07518201372719491,0.07700449173232828,0.0784555923543513,0.07988501808013346,0.08120061142499849,0.08327160053170728,0.08608365005547845,0.08530582325338035,0.08488964857364013,0.0868122708904478,0.08542362592191437,0.08335478164741432,0.08328128154193964,0.08457789624390215,0.08543985372549752,0.08682861021532848,0.08834761575731957,0.08854047246170403,0.09095159371642875,0.08631950609700186,0.0857325842311304,0.08656516637647581,0.0866557137712756,0.08548165092251019,0.08465760408532322,0.0869052748945212,0.08768692986099437,0.08620866069027545,0.08684358176103565,0.08710713825911434,0.08484856531112386,0.08300215052363466,0.08227647864075932,0.08370600120737817,0.08616304284698215,0.0847575151705062,0.08406069405890795,0.08365214833074738,0.08464951256978333,0.08611534566520546,0.08691610566015327,0.08767971001123241,0.09067159216191342,0.09101830221075094,0.09121962907426978,0.09092251357287502,0.09027892358863446,0.08837005229241006,0.08901750869185424,0.08834316110867865,0.08909406003215045,0.08924071104268563,0.08539070246298922,0.08463071760622405,0.08316887603036412,0.08202045428917211,0.08095781302711956,0.08401397091473763,0.08555579148861202,0.08614497750865442,0.08673676895613874,0.08854905024738963,0.08972643369040542,0.08771247240709784,0.08762668004654399,0.08659480263019631,0.08642167312088547,0.08748755523832795,0.08791214383042313,0.08934458145729852,0.08911070538942763,0.09275673194164477,0.09313790132258616,0.09427826840867384,0.09454736798428968,0.0925251810819109,0.09161591468070832,0.09105028437614773,0.09466411184157471,0.096435698363811,0.09722343859679163,0.09930137441949072,0.09795851489367405,0.0993359210985348,0.09777524242443264,0.0992474146733804,0.09982163270610134,0.09928197752977601,0.09974426854067298,0.09877764139003029,0.10142170399475205,0.10358705701300697,0.104571600569029,0.10769416360167341,0.10663488574997632,0.1035500280895061,0.10321307908467378,0.1059101617478834,0.10726941781519789,0.1075095941188872,0.10824167788672585,0.10922084042429572,0.1089988947971878,0.1108250383684213,0.11073614206565181,0.10922884299057932,0.10660076828630041,0.10872669465502181,0.10690561444166638,0.10732507364859888,0.1091133481019977,0.11129506810049311,0.10974424655102194,0.11225890039236898,0.11180478916555382,0.11256234439113634,0.11073747364814772,0.10943703752052215,0.111701523233239,0.11100358500817949,0.1084839331747265,0.10988304386954459,0.10793669705062191,0.1123018946392067,0.11468334401237298,0.11650735577334091,0.11533211361243909,0.11482297938375784,0.11572710902424094,0.11617113318471393,0.11770464857455026,0.11794148089525751,0.11588009929477623,0.11395704338109855,0.11541977330234442,0.12048030764879507,0.12106861905963243,0.12208299439419866,0.12125267767014986,0.12096699409182637,0.12010770072151536,0.1194973108464756,0.12266633570310544,0.12519251074920842,0.1274171658343823,0.12889106145368934,0.12825905124100914,0.12973184568026458,0.1289342167851538,0.13043668436682032,0.13034891422813216,0.1282203547886998,0.12783381224284313,0.12989289202137128,0.12900306302536454,0.12796560128804177,0.12707200261068172,0.12601485392447523,0.12640981352200653,0.12429038668243937,0.1264772838380582,0.12246394495884616,0.12133081096771262,0.12263122130063824,0.1222816014015716,0.12328931460180687,0.12578179973109743,0.12682034978254217,0.12389453958878441,0.12357306323226265,0.12776003061208294,0.12791418734943696,0.12833764799062394,0.13047076057936968,0.13295105707478527,0.1298889137936178,0.12873712913966806,0.1256820136803431,0.1245122477053297,0.12550599917355806,0.12731272458771364,0.1274593226228121,0.12626646707525063,0.12553027994019147,0.12642606647842264,0.12787561310875084,0.12690888362677538,0.12595905648935946,0.125514662213135,0.1258199609106982,0.12616917053673088,0.12671815941798012,0.12798211688930183,0.12451206118563153,0.12593961010528432,0.12655326271805697,0.1274532709005093,0.12839389173229884,0.13112637661050003,0.13278203354941895,0.13291561284567271,0.13456461893738228,0.13411210836852677,0.13520202539056395,0.13661771716126256,0.13762332068941288,0.13777238071762224,0.13789597375077764,0.13912082754885982,0.1382531057633567,0.137724979997218,0.14034592545131694,0.13565074215110784,0.13414418013917076,0.1331907391190337,0.1334610658977721,0.1321491428351546,0.13360010751788437,0.13233161776964747,0.13264278050466716,0.13259987188134872,0.1348052616894999,0.13693143749274914,0.13757539246562053,0.1356633377411841,0.13207884574403259,0.13316381735182944,0.13630005247134733,0.13510322985773418,0.13686053652999253,0.1393427565340192,0.14074250154484205,0.143627661865802,0.14300644485740183,0.1422380526943323,0.14405956094803898,0.14258535480674328,0.14444438862719797,0.14561978269689407,0.14306062077785786,0.14328855967440826,0.14402604382915174,0.14576879585417163,0.1467160457737882,0.1486494759707422,0.14846376255471955,0.14499875465638878,0.14751883294285625,0.14450989936081363,0.14652641152479318,0.14504586531132468,0.14362300990345472,0.14547644264587492,0.14403633126581336,0.14228634297979645,0.14268250272751237,0.14276555907689414,0.14381945499484883,0.14314026988315656,0.1404378544777716,0.1421889783726966,0.1438339613022336,0.1455964922780536,0.1457411823517582,0.1470509778612308,0.1479969947605418,0.14822087646845516,0.14862232882318807,0.1479003464482188,0.14652359853939856,0.14741401181079217,0.1474782394795957,0.147927924552189,0.1486817873727052,0.149318100459821,0.146567350183718,0.1447405535528095,0.14448863251231875,0.14347105831257229,0.14198951782729094,0.1424592410487781,0.14163063592168976,0.14106784074354825,0.1397793325744217,0.14477008847182202,0.14462600616274573,0.14318328105877853,0.14446853262358103,0.14428088186627153,0.14650926585577564,0.14739964861300037,0.1479424384780727,0.1480336049492498,0.15102887151365676,0.15223287580973163,0.1521173833248159,0.1505918777621022,0.150419037203426,0.1458250341466423,0.14713396745714566,0.14844471657928476,0.14753852087348068,0.14872158711285083,0.1507728249151172,0.15090337574765544,0.14846106676916868,0.14766752878309,0.14790714467066562,0.14754037977314735,0.1483678140085209,0.1477791209530845,0.1473794480257697,0.14575313013447605,0.14747667171059856,0.14475709247907761,0.1447923466730574,0.14541239669067274,0.14313746135068756,0.14517357166699,0.14394316678286728,0.1433508384855785,0.14272340991964297,0.14292357667542732,0.1429518898955854,0.1461588041825924,0.14662338470632183,0.14823811948609147,0.14877753513932393,0.14743519239778802,0.14560394972624377,0.1443237010013868,0.1463629540015485,0.1455940697149755,0.14573900718915336,0.1445019947305409,0.14724073679487512,0.14661501232622673,0.14464165562723827,0.1436696906612498,0.1430251962830925,0.1475171465530669,0.1518125546687635,0.1546508303227026,0.1587592754474711,0.1597454677311675,0.15918877911615847,0.1593380589124334,0.159885312928112,0.15962479258578227,0.15697684027291037,0.16110310155867755,0.15999012282923383,0.15883319243277882,0.15678882999184654,0.15681998470973,0.15841862460808634,0.1585706077269477,0.15859414299771274,0.15938098022453503,0.16012866119438182,0.15887136882540773,0.16184452468114535,0.16372794523585274,0.16345913856170013,0.1614545659367283,0.16314793386037607,0.16573724583489186,0.16559906105352373,0.16155482610918137,0.15981798707923295,0.16207588529333375,0.1609099996825381,0.1613749240150269,0.1632956389479025,0.16214562663859206,0.16148965160835324,0.16122960695338523,0.15884758193824577,0.16086015668411677,0.1595518635304747,0.15960748143902972,0.1633725996322439,0.16573447207974276,0.16928790052000578,0.1666396044327177,0.1654779570652061,0.1675446226247661,0.1672845120255411,0.1655402522623102,0.16493017103948573,0.16464609564214025,0.16413298070750554,0.16107117466753063,0.16363651074451227,0.16212918669443602,0.16332105959837379,0.16398730222085034,0.16560477093812878,0.16315795852863382,0.16079596897342202,0.1621023861859668,0.1670673527062518,0.1691030046915705,0.17218112787082557,0.17256643862695728,0.17145297683520355,0.1694624507109311,0.17072344971677608,0.17232379470707967,0.17130866080208912,0.1742275915973824,0.17192846871284012,0.1708685835652047,0.16917528731350295,0.16897164172414064,0.16977792682461118,0.1688370846535242,0.16849777663604254,0.16604416783779083,0.16777076015284506,0.16582219672689416,0.16757186831336113,0.16912375649087302,0.17031720613213783,0.1696469689660451,0.17067214000811343,0.17266103295836896,0.17008370578492568,0.17111657006664555,0.16547499208041677,0.16300798512011866,0.1641427953949134,0.16417619378127474,0.16464149883200307,0.16498941979336532,0.16361909052855658,0.16580933997566352,0.16545358064990354,0.16720161354114094,0.1650549129143244,0.16630081601939206,0.1673700990074609,0.16723555592197145,0.16512056059497174,0.16589689933954624,0.16402367878298482,0.16417829732302663,0.1685457225423025,0.16698438482018832,0.1669616915894922,0.16412900591513338,0.1631416961471439,0.16401950658091244,0.16479243702497512,0.16467251182382114,0.16429030184256618,0.17041716630688405,0.17030091947368223,0.17083291825582658,0.17360682834773467,0.17329029847245736,0.17360900899983236,0.17198654816777179,0.17190298314593325,0.17339909025421624,0.17259261021962213,0.17185161691676204,0.17063267838171736,0.1723033810225822,0.17446262538751875,0.1786851661547542,0.18034501894230537,0.17993829025584915,0.17674329048760426,0.17456233473751037,0.17473267921800406,0.17328456247214402,0.17068956359721202,0.16985568889388045,0.1713356146332625,0.17019908918532134,0.1704472303160684,0.16703808791345268,0.16759990002834374,0.16886980419932057,0.17079633240040082,0.1689326002705049,0.16799072441822469,0.1648908879887106,0.16382348537223493,0.16439650353630558,0.1642590471686824,0.16448977423954642,0.1688711164859133,0.1676822527199498,0.16562149499783976,0.16617779677334168,0.16732585428814342,0.17015628208702602,0.17039974249886755,0.17052727748792193,0.1717781371054035,0.17459292715389294,0.1748407366110664,0.1755115685830344,0.1772112764363452,0.1742633972314548,0.1720328563371255,0.17412003384364105
0.080660890224797,0.08063111958715846,0.08092339684308103,0.08545755975345547,0.08911818079212544,0.08973561738623516,0.09156625047370666,0.09114252202600516,0.09186231324387022,0.09049375585573065,0.0899088754018828,0.09126688392445353,0.09089986488326557,0.09114664407499493,0.09185223806546587,0.09359259793624965,0.0928505996664661,0.094111217132638,0.09386809841780712,0.09283232433391271,0.0955522527995511,0.0941009284312309,0.0961629118902538,0.09548168815092362,0.09332089966885838,0.0923016908613791,0.09446615708890187,0.09490090799054929,0.09601116716944182,0.09794742037106774,0.09971629637420479,0.10304842280069254,0.10256567395600209,0.1025205799555763,0.10358020074802407,0.10604420191396435,0.10605179326083082,0.10503306631588792,0.10504934634948893,0.10324347106942869,0.10385475191431263,0.10245512062819259,0.10157433459552459,0.0986940312737951,0.09837073327820547,0.09988107231950387,0.09821769258552233,0.0968095254720357,0.09828030513253515,0.09755868196979771,0.10096790775263216,0.09822882509377974,0.09784589577353685,0.09812122580579916,0.09666328078452581,0.09835884301783054,0.09578667406796751,0.09712756273517874,0.09856952881392271,0.09710414525350648,0.09685226171197417,0.09448239623119002,0.09376906101823679,0.09364660245858522,0.09372698559059954,0.09386184384620766,0.09496055468724478,0.09445267650639975,0.09206797537041096,0.09177412058535431,0.0921713690840642,0.09365740325247737,0.09367964469401822,0.094618820324393,0.09481090247175487,0.09525159415604334,0.09628731557975938,0.09645353583083045,0.09613582768029665,0.09525071756866638,0.09686412167034257,0.0972745388622872,0.09739134237022246,0.09825424539901545,0.09923540011194598,0.1001628455208293,0.09924451801440594,0.09915887059224816,0.09806633192286662,0.0986342142138867,0.0995520527134203,0.09978663997420988,0.09857121743564994,0.09741660062586917,0.09704984851609344,0.09796293731749389,0.09901757973018491,0.09865224890154596,0.09833051630925933,0.09775046121734254,0.09708961120094514,0.09646838167472162,0.09682911340211316,0.09628094441359175,0.09632545263432865,0.09615372113162499,0.09575587915227751,0.09604137742003056,0.09557601376263394,0.09675680167066311,0.09710507179311728,0.09734093456332936,0.09768561292945611,0.09711408415714784,0.09657664164981088,0.09644926157937773,0.09685000529704484,0.09661653035685909,0.09660326913581957,0.09686512303105495,0.09621265645016486,0.09594613372697176,0.09585590601998593,0.09575135748167432,0.09460188853223833,0.09439121654235526,0.09446159222845107,0.09405963486441125,0.09457738408248456,0.09457089537374541,0.09454178300076427,0.09415752608421708,0.09434303312848655,0.0948589406348157,0.09527599621172554,0.09533529603353445,0.0951826249543415,0.09522883618500105,0.09508474168185067,0.09495188116838095,0.09480672401809474,0.09472503047262347,0.09476456346452503,0.0943928186760858,0.0942605201183466,0.09427729596309317,0.09427349653955909,0.09424412869867485,0.09399239765540372,0.09371282028638209,0.09367138607259315,0.09374448553792622,0.0937848352547416,0.09353443860789566,0.09389490860856807,0.09400981278321269,0.0942239134292377,0.0941186891224001,0.09416627516205801,0.09429379769652678,0.09448504668460117,0.0943915513690689,0.09404181378598604,0.09422661849661944,0.09404250416578222,0.09423817120465987,0.09407783708083346,0.09396606371849302,0.09406710248231741,0.09367259980348917,0.09370083341105362,0.09381316391228424,0.09378084732966306,0.09380579390273,0.09384296721836778,0.09384931695618441,0.0939058943581586,0.09398711196605515,0.09397227903489717,0.09408132343123776,0.09412812519731881,0.09408410894964092,0.09407922231288861,0.09402159255976991,0.0940197006013965,0.0941642067619364,0.09418748692378226,0.09405469134506193,0.09405025301998593,0.09414204292384654,0.09414832517796859,0.094083490423183,0.09396656171250388,0.09398043877839182,0.0940048516477271,0.09391929462573191,0.09391080982148636,0.09389254456586997,0.09394361313881584,0.094000320926417,0.09400070544407174,0.09400832286457633,0.09403223069857311,0.09406299884721726,0.09395832799831404,0.0939797249304703,0.09397169142836907,0.0938964053943025,0.09389849939116263,0.0939239287431617,0.09398276930923533,0.09403605948368156,0.09400883554140553,0.09397088366783687,0.09393497023532246,0.09394684324792495,0.09405352902545008,0.09410212843627376,0.09415936192891015,0.09434009712510429,0.09445370669069635,0.09436918210354524,0.09442906348033463,0.09438211366758917,0.09447015726262872,0.09454082120306351,0.09460671985904522,0.0945368241453375,0.09424185152460612,0.09406146824842988,0.09418201777854597,0.09442065524237148,0.09461723585469889,0.09432097883570607,0.09463760542778196,0.09482572679353309,0.09527225128552994,0.09510549843703642,0.09498287439655469,0.09505963869416487,0.09471140269412523,0.09464036112282176,0.09467564311817397,0.09491786797666543,0.09478935772866899,0.09431115559131709,0.0941321341689817,0.09383923154074914,0.09259396097898488,0.09281648820062673,0.0923852725469228,0.09327390135815807,0.09336978866032832,0.09349554143019696,0.09389594786314989,0.09414981692185527,0.09441471941835484,0.09456483445026924,0.09422388072894367,0.09348620058039815,0.09343040949020136,0.09287404481173825,0.0940703386441505,0.09436463897403868,0.09380673894384023,0.09349261237169763,0.09384476758813941,0.09450900266675008,0.09498459167800866,0.0952961081917668,0.09572489860451563,0.09507821601217556,0.09550929065502435,0.09515553447749799,0.09427318928879919,0.09509410449028984,0.09611413208637662,0.09569518806724861,0.09665980679024042,0.0972093466181495,0.0972423970136037,0.09737344217153053,0.09846713944706728,0.09919431430040931,0.10014090847529661,0.0997141622868184,0.09998423103135617,0.09960696237979728,0.10004190906564364,0.1002282311643271,0.10022723973432346,0.1005582569888542,0.1009220738386179,0.10046220396935553,0.10102100383285614,0.09960426976379919,0.09980483653331415,0.09974028373180234,0.10011890768406591,0.09977802467086055,0.09965882615166166,0.09991390109658692,0.0990499181371278,0.0993088177294703,0.09966004950748321,0.09997278511659545,0.10031453265756031,0.09982033063982632,0.1003458423006562,0.09885827458597321,0.09846191873634463,0.09904562989785973,0.09867996774244872,0.10059050786149693,0.10069767243992818,0.10148288571784997,0.10207640617151767,0.1028057530166934,0.10279762880684902,0.10300975353343525,0.10386668644856584,0.1042643549095825,0.10621575662329251,0.10494518855995018,0.10385099493934362,0.10396868451896875,0.10535512146804653,0.10573787092994652,0.10488010940611264,0.10467853489812237,0.10437351902480206,0.10337433545783202,0.10036894874997379,0.10106129563857168,0.10036918558970814,0.10097217057096014,0.10135614541526214,0.10052158921422621,0.09976464426543365,0.09816728833112913,0.09912134806802884,0.09771067333399328,0.09735086889281601,0.09739909044762265,0.0999847466874425,0.09943124914974591,0.09989943999329709,0.10052893489257224,0.10085722143823266,0.10194462539068747,0.10151211917119428,0.09987976264103579,0.10028748404716735,0.10072897727718214,0.09923276935184099,0.09880051093457641,0.09726981344796462,0.0975217153842501,0.09784692184293896,0.09694338750076392,0.09854323590492804,0.09958638074441845,0.09788527895553235,0.09924244163882526,0.09859654633946359,0.09944352997914065,0.099198931065098,0.09916819853529626,0.10015404779536835,0.10067283801895219,0.09884360339969048,0.0996211399337211,0.09764179508868877,0.09783828293196634,0.09685337701434232,0.09634559207231637,0.09502267762035994,0.09536699642644084,0.09534752730570166,0.09496446331673933,0.09502653541406979,0.09336092128991678,0.0926029391035547,0.09310861862383506,0.09383333204959196,0.0941860925804964,0.09531589320565159,0.09608905645213368,0.0965497571558624,0.0974832484904566,0.09802476488428477,0.09827680286508553,0.09844991180202622,0.0978978140912999,0.09754521986963356,0.0994450821393677,0.099767701243384,0.09989875084884696,0.09998204603614981,0.10026605554195701,0.10101780386541229,0.10329270995259231,0.10403265367570823,0.10706731242463054,0.10602778208025908,0.10642388988793935,0.1071927449787122,0.1087397083519941,0.10674557670156755,0.10590149082441619,0.10393396991349137,0.10378791041892134,0.10415059096964678,0.10517054687297682,0.10721914076217329,0.1068619020186281,0.10752839810804306,0.107760364249256,0.10610364946260503,0.10842146834684854,0.10711977344547984,0.10714970199190098,0.10719623021713792,0.10583888001304502,0.10612526066088272,0.10822479120339024,0.1068130182668457,0.10669075958666135,0.10860302723445114,0.10985207164913949,0.1095812449359748,0.10730251212631718,0.10598054091472088,0.10487992065859889,0.10295156566348633,0.1035183428870412,0.10405626349155157,0.10600210627024886,0.106589119656884,0.10644054776975445,0.10555306937243486,0.10574531669016479,0.10640110749834805,0.10666345324374404,0.10728120373053454,0.10918397236433655,0.10752586339923903,0.10977845291234271,0.11014082875123556,0.10949355080210948,0.10976003676495846,0.10791399404902798,0.10703129366325767,0.10825761128953264,0.10823452946252894,0.107327506132385,0.10904786163506791,0.1093100804661954,0.11106814381241889,0.11208227014482709,0.11237836090938202,0.11152600258529351,0.112233566985664,0.11172762679599867,0.11151557456895787,0.10903769859514824,0.10956168560290123,0.11129433496778471,0.10864520534333792,0.10583207389525376,0.10577873517609335,0.10523068145750207,0.10596716801796005,0.10771647094653936,0.10770374021270118,0.10917281740451885,0.11032682125773503,0.11274923705649095,0.11333849849312712,0.11290579123002364,0.11323305659490748,0.11507350241157552,0.11329953306830351,0.11487949705539162,0.11339086118333011,0.11388940749622341,0.1139704393312536,0.11444441666142584,0.11353491537179693,0.11465991483894682,0.11540414308561778,0.11398232970480619,0.11596979760493285,0.11589350272369427,0.11573359689005473,0.11741118516903272,0.11925451557566115,0.11973047694280789,0.11815954861390704,0.11974840957994434,0.12115842675814059,0.1214779729156228,0.12138439795063657,0.12082390654594506,0.12199403092625768,0.12228456741586355,0.12358129352083358,0.1253193138825302,0.1257438719825203,0.1249085537521717,0.12600537010968416,0.12737001951558966,0.1294455590433672,0.13244764992695388,0.13355794746175786,0.1336639360058283,0.13335716784412738,0.13351718218357028,0.1334816912179918,0.13447358127197034,0.13607281612266556,0.13529027163023608,0.13480372693389517,0.13502843426836025,0.13381886834819248,0.1321903263673766,0.13280847056914177,0.13381354752663605,0.13464216053030326,0.13364632522847925,0.13453854966461098,0.134350834253,0.13419254962087807,0.1349180822807427,0.13641549227731178,0.13583687274214415,0.13624336132161535,0.13920848772854438,0.1426067878316233,0.14380136995255344,0.1429960156439144,0.14360833881548685,0.1420604615656449,0.14424283418414627,0.14706757520275093,0.1464311849035213,0.1442725677605415,0.14541395370116073,0.1461646176158523,0.14788940656614635,0.1472147543008348,0.15071404423163645,0.15307019056705554,0.1528370161219203,0.1532771719082956,0.15164776666162333,0.15143805359148282,0.15235012541985418,0.15425948778637422,0.1527300326150636,0.15311554239028508,0.15308539173163307,0.1532575776692476,0.15353296746498443,0.15237371901035046,0.15352297957124558,0.15111729710431582,0.1511859683358613,0.1513990614473239,0.15358935120630066,0.15263097948929072,0.15106799570919466,0.15032286822880245,0.15122873202467443,0.15110437305165877,0.15246570979390936,0.15179674472696716,0.1525935901679709,0.15138767584409224,0.1537493339365325,0.15433765327416465,0.154768742626761,0.156145359925711,0.15612833813320426,0.15548868799267984,0.15523021577737023,0.15556969346824376,0.15631202060880528,0.15804757904666075,0.15923417192232261,0.15930921281646865,0.15899015370267752,0.1602983526596309,0.1606949515209525,0.16276679212463754,0.16548403755829758,0.17032288625101422,0.17210127597231842,0.17141153321690478,0.1730164888369907,0.17170861804373128,0.17131921640587008,0.1691383198810373,0.1698104929274642,0.1730305300318633,0.17020937940001857,0.16980416854492883,0.17208540438620726,0.17424538628532374,0.17634197124762774,0.17399613270298261,0.17305883592019114,0.17171620023717715,0.1709440543435915,0.17127529138131214,0.17090690612431877,0.17215183272710088,0.17445008858126726,0.17595017491807163,0.17682737565134427,0.17698125512446683,0.17633997920100214,0.17265890566538233,0.17452007913855622,0.17664216479262074,0.17720634054807965,0.17659140217190455,0.1752878968162662,0.17679824750924455,0.17938364927349398,0.18092623150903464,0.18209142929460945,0.18534431145615118,0.1861713894818482,0.18354975602610898,0.1855822800762957,0.18694017944741084,0.18694046624306287,0.18580473049076915,0.18794378720090799,0.1881553294475787,0.19107398830044153,0.1934489298972631,0.19335451734303993,0.19043172749110704,0.19336934570283476,0.19496162201379505,0.1926507041979901,0.19174920352427693,0.19237867074150014,0.19111376240903888,0.1905811981887357,0.19105977103370794,0.19284773074744815,0.19241820070495144,0.19230695319811017,0.1941547583145091,0.1977902353806279,0.19731947808116107,0.1951218745284377,0.1941752367626797,0.1920019310534561,0.1922332955902204,0.19235318437159832,0.1897836972345181,0.18713662731825118,0.18982603728027989,0.18985650010572658,0.1906882747037489,0.19088569702873265,0.18927581656658,0.18867306696836497,0.18935399056442206,0.18683495614010873,0.1874191067424041,0.18833358307453046,0.1914943169522399,0.19408802562905184,0.1945545986021959,0.19450625382668116,0.1916379165006112,0.18952230515741905,0.19205823676634207,0.19472231380220623,0.19587891295303336,0.19807136770306244,0.1967974895654665,0.19559185419459613,0.19616726247442173,0.19520380349631566,0.19590092245896107,0.19328781827633784,0.192222692871502,0.1914493482319601,0.19083941785545216,0.19117415643992075,0.19075834928109406,0.18950188014159075,0.18813317121799694,0.19043879131386263,0.19152242255396396,0.19103220186817066,0.18993169770643126,0.19014992017438323,0.19195454012286078,0.19155843560889235,0.19197074815229723,0.19074772515617286,0.19197731544154548,0.1904571723541996,0.19253932650677175,0.1927244549490331,0.19496586899568638,0.19664797485909258,0.19634529570740666,0.1961916623858114,0.19726571157035774,0.20035809175273817,0.20032044526928425,0.2018505838012385,0.202519066472342,0.20514323212375582,0.2073313280056834,0.20506691985750983,0.2056925867341446,0.20550905431817423,0.20660821230438267,0.20843276752338194,0.20561180785044958,0.20551100150032361,0.20803840627309864,0.2054310859625759,0.20170774768577665,0.20229553712523263,0.2041902695090338,0.20578446622324256,0.2055437416889198,0.20776596376694967,0.20846440322292226,0.20783628066772974,0.20649527486462158,0.20639447394445315,0.20612329532050924,0.20802994332719724,0.21141989490556132,0.2100669224094845,0.2090660138662183,0.20871047348346522,0.20764662605923032,0.20852566022624155,0.21015901336395817,0.2089471733062195,0.2075184969502613,0.20687913396032528,0.20875936281417362,0.2124057858305746,0.21286872531915815,0.21383937255059984,0.2135122566322947,0.21300363883547863,0.21456303730710385,0.21450823242219347,0.2148375912648428,0.21329939669627382,0.21588805842326209,0.2164912540624689,0.2168372586188237,0.2169165768782473,0.21713154699951656,0.21603947702603424,0.21700170946280953,0.2206633063618457,0.22189153042808293,0.2197875639469874,0.22190001708135262,0.2204816926228388,0.21942979014692893,0.22026324238256606,0.21978809361731574,0.22142513960389448,0.22159266946931588,0.22119407736577684,0.2206364264595042,0.218599137406411,0.2176019486694633,0.21758070783010472,0.21897178997506317,0.2171341853828877,0.21571866697159156,0.21590002660301746,0.21734992192620659,0.21901155594054603,0.21888657524789198,0.2228416329735969,0.22443225049169585,0.22262236859102136,0.22142624781353795,0.22225778072103033,0.22414823828654515,0.2267627984860277,0.22476723656535266,0.22544960158024022,0.22550153190142821,0.22230673414429147,0.22460092055391642,0.2245141891079714,0.22431239438367634,0.22243766977792137,0.22340579817372788,0.22199569636370725,0.22322987873581773,0.22486830475721004,0.223564146718428,0.2218958762326147,0.22616400783309232,0.2261010759293191,0.22790997109967687,0.22785463538714748,0.2286292028221742,0.22692058594821385,0.2253066473108917,0.22715256225304833,0.22588095537888786,0.22157402476134863,0.2213049925233695,0.22168938933947172,0.22030127380642917,0.22059957827996932,0.22077203841048387,0.21831599408336427,0.22010491023216228,0.21828375761117286,0.21865120606574454,0.2210845644842286,0.22413808998484014,0.22637404809657966,0.223126935512999,0.22252994203171397,0.21935686350495934,0.21605221907228345,0.21773646097829055,0.21628999453426942,0.2172670886160698,0.21410628359382616,0.21259084781547674,0.21462634660469462,0.21459660990678986,0.21547460645175154,0.2165343815885542,0.21700182877256918,0.22013914520993746,0.21917556513781528,0.21716183527176003,0.21331662112163524,0.2114891901251084,0.21077820228491717,0.21324999636321948,0.21214829024486032,0.21214303057719264,0.21299824175649584,0.21420248975391945,0.21260155353559662,0.21241100197884294,0.21185070807402234,0.21127432012731961,0.21269464309104838,0.21336758182660592,0.2085806661910131,0.21017428535661256,0.21157226351128144,0.21331411799985722,0.21227689652529377,0.2104216967292849,0.21096940349054843,0.21220438865150545,0.21132498443459674,0.21100689581655288,0.21221467634206723,0.2129427008063627,0.21625734740046748,0.2158916077935311,0.21467288014224462,0.2178982887396675,0.21701503549227558,0.2163566772091909,0.21996280127198425,0.22094084947351086,0.2231210895365353,0.22269522136184722,0.22143180075904376,0.22159212153277458,0.2207352444816343,0.22157012928443756,0.22219421686029964,0.22061476972531427,0.22342014820257583,0.22421994669332931,0.2224235777341184,0.21780623116195294,0.2150748910444008,0.21538627134153202,0.21401884471324692,0.21395010480230758,0.21386940505940197,0.2141122508213763,0.21488399662496185,0.2155392038545416,0.21875264935669264,0.22056068674668153,0.2196959915762625,0.2207645776578677,0.2223455051732407,0.2196482085737646,0.21768588790217358,0.21892845471115727,0.21634944680937732,0.22024236354643645,0.21942393317050551,0.21949572920343352,0.2178116298042488,0.21758498453771888,0.21918832209651642,0.21881592383151902,0.2220989274258783,0.22131511742256094,0.22041756525016937,0.2226006761570777,0.22375641076047675,0.2241523817897122,0.22431526597037646,0.22301528841590115,0.22371867805400447,0.22195746596687527,0.22328220355499037,0.2212276678484557,0.22130691357357712,0.2208471255467499,0.2215629080964739,0.22127429087748826,0.22303690258460812,0.22698390127862164,0.22925392607089357,0.23021851977831667,0.23147152438536828,0.23081024745851272,0.2321529779562129,0.23364607853245686,0.2344020834306154,0.23221232259371205,0.23392380957600353,0.2331459880832443,0.23244404760537243,0.2311552557191388,0.23261470152536248,0.2311142005292159,0.22845902770953547,0.23150973776024322,0.23194560182290594,0.2292737864783612,0.22638202724906475,0.22760000712271858,0.2265775388917669,0.22704778015358293,0.22663997315123804,0.2298604439727458,0.22988088400501921,0.23063083272670482,0.23132676200704405,0.23308625659748702,0.23450013224104105,0.23222034373008904,0.23242625383789012,0.2324142685721747,0.23191170239980935,0.23197090013897326,0.23550052588074852,0.2325274082074701,0.232251009473585,0.23360214292516296,0.23476231985565746,0.23757948044286736,0.2382657160189616,0.24025372242296683,0.2382239429194799,0.2371825515358525,0.23828582374613239,0.23882870273240112,0.23938052771096824,0.23950461683892146,0.24113544213745847,0.24242524528442386,0.24246348771932763,0.24367351261278852,0.24490048897997688,0.24189918985344674,0.24311891537156594,0.2398722966582357,0.23928139975987647,0.23713629622249882,0.23821266183732825
0.08119448972814919,0.0841044023485469,0.08567230385750582,0.08733852398010368,0.08563463111094326,0.08654774062473916,0.08707525118559323,0.08935450958825657,0.08916792358818712,0.08691535605725727,0.08817108347736008,0.0881945883242515,0.0873877706612961,0.0875726645457585,0.08914301508145957,0.08954266082642627,0.08832028771400655,0.08811538834755953,0.09014802219009246,0.08983951621445517,0.09416699482839493,0.09480123437366521,0.09368258233486024,0.09396390797227505,0.09636843999544908,0.09829767070903764,0.09843036456103238,0.1016041621993777,0.09955257025875758,0.10031548043808963,0.10205208384380335,0.10565245894205658,0.10818215916507155,0.10826343474913175,0.1090373804391255,0.1114685669693392,0.1136659452534197,0.1145642111527306,0.11588588498586529,0.11495683817606775,0.11659883274399008,0.11775817346421164,0.11943586895109043,0.11866785717994442,0.11797576506894358,0.11772469156880344,0.11818293829145893,0.11847831098415394,0.11875997861203015,0.11836581007236005,0.12199896082835318,0.12244733552672842,0.12286778423633343,0.12456470913548437,0.1258824630248509,0.12564572186130676,0.12429904149496783,0.12312604909102745,0.12356585037221675,0.12302285492370622,0.1239386521420811,0.12284653573942686,0.12207456291468068,0.12584651743181122,0.1258018392908972,0.12767484953806654,0.13016004000169787,0.12823028017687232,0.128010532356672,0.12780555619307454,0.12614146109629823,0.12877006520577614,0.12906691303077975,0.12844809865510404,0.12780118253718395,0.12760628401249607,0.12809873392029694,0.12767037861368166,0.12930960570485894,0.13200431357269538,0.13271421315694926,0.13293954120445067,0.13308160005468067,0.13363734577778394,0.13558000133929685,0.13588188957335634,0.1354851399432021,0.13561464747180263,0.1351093714799403,0.13540865570545915,0.13517885149687034,0.13378965689337202,0.13292946441310696,0.13274140787855615,0.13283638758853045,0.13276379097502658,0.13373535847989174,0.13376298877392392,0.1334267222026641,0.13303111575211093,0.13349124214123206,0.13265361324460803,0.1324844427503856,0.13216500681421606,0.13113706296511649,0.12998971190192612,0.12981774633715332,0.13057647279653298,0.13029135631911892,0.13002751192887607,0.13005849093161756,0.12965329070626855,0.12899773130979134,0.12892026560408903,0.12904385573060181,0.12871060762701103,0.12782091599462025,0.12731693463732519,0.12823209210935868,0.1287372509615752,0.12837270603540388,0.1284337210340816,0.12871612337037483,0.1285211633532733,0.1273363571593125,0.12745916895677564,0.12781650057418273,0.12763624973213505,0.12817915320202572,0.1284128223343794,0.12868887886671782,0.12876421075582217,0.1284453600523614,0.12792340751190884,0.12791426431685282,0.1276159404815565,0.1274630034233973,0.12762874223048792,0.1277147798384485,0.12754202919191385,0.1275275326212393,0.12708405184588872,0.1269591049982224,0.12631087427689372,0.1264292561376985,0.12640548976042398,0.12656777360583202,0.12633103459380002,0.126363037184936,0.1262767057641686,0.12653679098404771,0.12659528492188482,0.12640909034052292,0.12622401009404585,0.1262001666122714,0.12628559565221503,0.12620799650097805,0.12623888045564322,0.12600735511541916,0.12596506943218216,0.12612877836598416,0.1261169289165953,0.1260461020409206,0.12590276897959857,0.12557502777860524,0.1258246023822641,0.12567392422057458,0.12553923872121225,0.1256260111768279,0.12531781192616273,0.1252714484785853,0.12524203617226828,0.12542258672665224,0.12545203757403484,0.1254682596624134,0.12540892146425375,0.125594494128313,0.1254546430652194,0.12537987737553732,0.1254529923701106,0.12544548435302877,0.1253956575281285,0.12548080394637848,0.12536389492609465,0.12538239630451684,0.1255261634108974,0.12553409279583383,0.1254427746794357,0.12539192481315634,0.12545815852431863,0.1254364084348776,0.12534726683305336,0.12524712401593652,0.12528539891369783,0.125308440968909,0.12524303839139303,0.12524587479334048,0.12523637297690007,0.12527147806637237,0.12532194676714478,0.12537381775526274,0.12534735856065607,0.12539576089407753,0.12544057317246102,0.12532565315927036,0.12532630252342547,0.12531388771107094,0.12523094251424008,0.125226452900013,0.12524992104604693,0.12534098435875743,0.1253820477613075,0.1254154525063965,0.1254689773432725,0.12550918065154137,0.1254446285879848,0.1255081813875539,0.1255113949568947,0.1256199987992097,0.1257297011554261,0.12582029522003763,0.1257673300583801,0.1258396346966994,0.12572751991930542,0.1258746994705928,0.12598502123533858,0.126103055537884,0.12613777603172496,0.12591162041362403,0.1259563074687916,0.12604589804330157,0.1263189264535003,0.12648643547363686,0.1264100432515212,0.12656838753881572,0.12676852539898475,0.12711688416663597,0.12711076254822598,0.1271387940325103,0.1271695780834376,0.12708129558748948,0.1270254249951356,0.12723418154373736,0.12764615864434517,0.12787440733062205,0.12743092907941925,0.12747102929829385,0.12724172155533542,0.1267881058749914,0.12724010280193124,0.1273392151906796,0.1281510445285493,0.12819615168958615,0.1284615351299013,0.1291691948966685,0.12952258235545672,0.13003184327572692,0.130775079427231,0.1311235757850099,0.13100828359170172,0.13175815992292697,0.13144071359106305,0.13234438275235955,0.13220628120774247,0.13177267465709203,0.1319656040071324,0.1319130281143713,0.13310152121242724,0.1335155921237653,0.13375932572587898,0.1339968011680842,0.13323305828070478,0.1346697881092614,0.1346301305824038,0.13398041747177303,0.13438673947428437,0.1351756528797318,0.13487157654881543,0.13524129697305987,0.13402534145030537,0.13400066844185973,0.1345821380938526,0.13446714596919532,0.1354197372356172,0.13628345936665057,0.13680145545370842,0.13686943721002265,0.1368102513898567,0.1381856624154207,0.1376917002311306,0.1384343586370376,0.13912300758192647,0.13939649417061575,0.1389723062692412,0.14031758396375216,0.14052357268152366,0.1402167689729305,0.14096747375122645,0.14044725531621094,0.1415619851377716,0.14105468862126708,0.1407865861101822,0.1402780084497777,0.13998826675321363,0.1410816829293905,0.14136183116318907,0.14072259227718184,0.14057408125147572,0.14162783655666933,0.14216298421409046,0.1426612980125752,0.1431503037879524,0.14273160495671489,0.14309139693318598,0.1427806250942491,0.14274513903064545,0.143482206810419,0.1443331459225557,0.14437976580332823,0.1439009476173118,0.14303280096518722,0.14354970295614242,0.1445350054988459,0.14509951202171878,0.14436062797651938,0.14572222388207096,0.1448706234126829,0.14478849526147033,0.14500611222567206,0.14498074974016614,0.14579484898508013,0.14549941930597957,0.14406199611365875,0.14541339471384973,0.14506698905054077,0.1429025269214264,0.1451061834802077,0.14502774389914574,0.14404587753967774,0.14579409908836308,0.14632203061851112,0.14403443114278788,0.1453549660323237,0.1461754009846126,0.14775192101862777,0.14854959102746246,0.15065283435814913,0.1503802681324189,0.15024888010413764,0.14962938653802602,0.14979555714229514,0.14864021467578428,0.14854986816703636,0.1485595853926652,0.14812280410866585,0.14803166717414176,0.14729303489523912,0.1468235548509936,0.14676590027732478,0.14706869362060684,0.14766419148792503,0.1489030953833309,0.14976617967848666,0.1518904023403096,0.15240464376853569,0.15138601543435168,0.152164464414029,0.154120408446937,0.1545680617837811,0.15502066864663472,0.15657562676959544,0.15671436492396118,0.1560922038842665,0.157322570569077,0.159250484675665,0.16033893469320748,0.1617430575789216,0.16152397638759527,0.1628393463773581,0.16347041576151164,0.16396957519840466,0.16395792218199756,0.16374402033208285,0.1629154302942263,0.16485256709613125,0.16697972975813347,0.16766288041019475,0.16600631508782918,0.16666124305936061,0.1657111429539616,0.16749007367253277,0.1700824309701633,0.17296439740328395,0.17219121759800565,0.1710251602755171,0.1747060652910454,0.175302620721505,0.17421629138361186,0.17475077067117034,0.1765204154219031,0.175824477070124,0.17990551814890743,0.1803643387499408,0.18075690815662412,0.18123578852838243,0.18092482247088096,0.18088176553730598,0.18179879699446397,0.18119556587654492,0.18341722853264764,0.18308649175213426,0.18329126042840624,0.18245570969442537,0.18261174812619735,0.18375069798475405,0.18355770149353465,0.18459765457733568,0.18571959424800918,0.18469749649409323,0.1846768109996972,0.18080086026203548,0.18044449561584322,0.18181373155607664,0.18086158234359803,0.18055667805561917,0.18074766702804637,0.18016901763643972,0.18030867814837348,0.17919704258161093,0.17848819394545276,0.17847496098744803,0.17768776825965102,0.18015015853328428,0.17987605575681911,0.17879797647945686,0.18138673546919953,0.18399703226871758,0.1853387967881135,0.1811453731741806,0.18244381022603623,0.18450341632786585,0.18700919349447748,0.18775608711701822,0.18770881327325692,0.18969916432387582,0.19174201069028693,0.1907662819409669,0.19097111778500572,0.19009744078175086,0.1909105999175218,0.18834254936564127,0.18852723755486273,0.18749377939621398,0.1894926815761263,0.19055602876437497,0.18790158445079683,0.1890483064140027,0.19090929739324106,0.1899630005745841,0.19257192333626447,0.19465957229672282,0.19621024961843017,0.19530762910769087,0.1947420527601994,0.1964481848265851,0.19266073643962806,0.19278978370419014,0.19399866309039518,0.19458409476029775,0.1935773459365221,0.19619315838462184,0.19527644260111227,0.19468197094332765,0.19650346158440446,0.1961588343576951,0.19761580996991515,0.19892189092977305,0.1995947101668333,0.199319783112182,0.2000128133514708,0.2022283284927938,0.20374802721312438,0.2033646834544037,0.20350397401708786,0.2025203268521586,0.2039407668645309,0.20596309002313748,0.20431736886886423,0.20502182412780084,0.20521113839398747,0.20246781892244517,0.20196438585064375,0.20305376656685334,0.2040389472420595,0.20491580104606452,0.20401343699586544,0.2026912140086641,0.203765648192259,0.20516413542477,0.2041225598581703,0.20473899723347613,0.20474574797912573,0.2052280636282636,0.20702190632650053,0.21011009624839494,0.21029627656887728,0.21170536056832745,0.21035265529714248,0.21003547036980322,0.20931783310742294,0.20963224069417097,0.20876175566534136,0.20958307323880823,0.20961021919787165,0.2125970745682938,0.2137229482720941,0.21463356705703573,0.21378762787358277,0.21720940359213173,0.21910689721911258,0.22128953494564307,0.2205467273505474,0.2192040203598781,0.21668876819313337,0.2147767119725184,0.21576962655439863,0.21652119850800505,0.2166850494851679,0.21476686464411263,0.21421315537157487,0.21644599362503927,0.214004549545173,0.21392476328385368,0.21725361826485728,0.21879043986679567,0.21596678698650806,0.21648100841365184,0.21987090574030715,0.21983378090635491,0.21993768473400588,0.2221952537803649,0.2217024662821481,0.22132035627623486,0.22261974445283367,0.22415349509430282,0.2230363171648702,0.22244758679425772,0.22224108168690113,0.22267517686220767,0.22478094800662202,0.22503811785615127,0.22534632354591003,0.22659776510589114,0.22246595371161632,0.22196072931063282,0.22088309277465523,0.22070691659183933,0.21937171390494214,0.22068018963440142,0.22009247863286258,0.22400803424487326,0.2260083956928538,0.22725626199997667,0.22736896901111123,0.22835792000105917,0.22647250041678435,0.2295286847508401,0.22863596740776856,0.2296537619770911,0.23078929986410515,0.23114418806827422,0.23014660334188108,0.2315389168759854,0.23020303434954992,0.22986183688894188,0.22840971110735103,0.2272087135886917,0.2273334480034311,0.22859285844017177,0.22951943958038196,0.22974569707794154,0.23182792240015496,0.23192268318403234,0.23194200811384977,0.23006121555642844,0.22816092076486927,0.2265408402982678,0.22862630540774373,0.22933795128232606,0.23013909416405073,0.23098915110806492,0.23066868242455763,0.23398581506673927,0.23520831363314904,0.2362032983228199,0.23448405934129293,0.23836557450727539,0.24172473953509216,0.2427118094784419,0.2461602206955638,0.24797693792489098,0.2465203080558243,0.24714727355009153,0.24646650438637172,0.24497744331549284,0.24570722587385027,0.24598949083221114,0.24326397850236078,0.2446624179675765,0.24510101504830065,0.24681861968909463,0.24899144382339672,0.24872728713280068,0.24852074088940435,0.24836345547386213,0.24786765478963024,0.2489808809946098,0.25336146684624994,0.2545780946103538,0.25478888675822875,0.2537383859787514,0.2529408452114852,0.2526608654710751,0.2539423205429846,0.2558713894411131,0.25892147019189055,0.2549564720561591,0.2551197844434818,0.25448234673524484,0.2529940311498478,0.25206639948162535,0.2517527646554701,0.25627066014463684,0.25874730282068503,0.25793899950006133,0.25921655821133077,0.25939938383827105,0.25905835437144087,0.2571657999370918,0.2582498220364897,0.256840939455371,0.2565994132244068,0.2585374109423539,0.25661526040343274,0.2545736859473607,0.25544443731168803,0.2560414512398588,0.25456739441130055,0.2526564407762633,0.25423799453255513,0.25726053875342986,0.25647587195809823,0.256324010421784,0.2580837613702613,0.256578448157191,0.2587647640884089,0.25959494933711363,0.2584187944988227,0.25690274702932486,0.25899313624965825,0.25842571706720674,0.26154331481572207,0.26227660050366547,0.26323337704250444,0.2625091255038029,0.2612722460133311,0.2598876729449023,0.26154351186061453,0.2618373776133712,0.2592225370309763,0.2557990453559256,0.25678824197724903,0.25706821842546845,0.25867653957454917,0.25751387932601977,0.25838882399704943,0.2566748769916181,0.2595362333279368,0.2588637520145841,0.2606664633968101,0.2606403545684263,0.26159594739597336,0.26024339892610115,0.26210094075062995,0.26325813941814574,0.26377608027931254,0.26417507054237516,0.26397065565921707,0.2657376072524047,0.26385089767675624,0.26077112664626145,0.2587585565307614,0.25895524827616095,0.2594478794658585,0.2607042975968003,0.26235974313297733,0.26098110924330864,0.2606367081858017,0.26276548602916816,0.2617149586800211,0.2644736936379508,0.2646372517096927,0.26242882555072716,0.26601229654599745,0.2658965027740339,0.26642448728842977,0.26505297313264004,0.2659398457364291,0.2693702031615862,0.2698592479934499,0.27004533707001976,0.27537582782463144,0.2744021921508033,0.27298341522923564,0.2724304783249076,0.27413999051232385,0.27850287672705365,0.27996764362517035,0.27840441977793007,0.2766066340174635,0.27562267692476566,0.2739547153820683,0.27417105176834666,0.27128009099864914,0.270432983998579,0.270855704352005,0.2665602089099164,0.2679535052088556,0.2694086952648615,0.26843413988601644,0.27072845883133123,0.2772501611126449,0.27463118714624574,0.2757772223156173,0.2725046827472891,0.27075058034819555,0.2712562135982478,0.2728905575736553,0.2753923236533942,0.27841300753847453,0.27774511422392206,0.27935607961119435,0.2805384339209226,0.2836824356964696,0.28598496800361606,0.2875032726458509,0.2860025744845568,0.2866183414933245,0.28162338800526426,0.28365056273980416,0.2824515489063385,0.27929433057647673,0.2806911606203807,0.2783845078675044,0.2786304712337224,0.2818026775370361,0.2810237925884386,0.28105456751577196,0.2818701034142414,0.28340543194575785,0.28210857180439786,0.28221720435160935,0.28149809149267346,0.2804210363272514,0.2808647065615221,0.2770431859242656,0.2788707231530896,0.2791498012090808,0.28116923131474125,0.28031260936762586,0.28123627801543327,0.2822152553356271,0.2843770949936908,0.28368922306391986,0.2822024980863384,0.283749517806253,0.2863495755922343,0.28599476642021043,0.2839465329204123,0.28533945857286036,0.2875512131306247,0.29048323163619655,0.28837379738513436,0.28891225065817605,0.29077382372274785,0.29049724668604354,0.290010706594578,0.2908631064355903,0.28869621502382226,0.2884075808746308,0.28819083799113715,0.2885309017628824,0.2877905008515946,0.28793811324084023,0.29052624495015145,0.2900652688715198,0.2894757539074737,0.29111276769525846,0.29195498445020485,0.29144002350325965,0.29100708995626834,0.2951081010569708,0.29043606782763387,0.28988246339113255,0.28964090438734563,0.2895409402062109,0.28651275223547323,0.2867140590479194,0.29088544619316814,0.29044338759574917,0.29270022289088105,0.2937488173032714,0.29384766609193413,0.2921201835967921,0.2921020021255185,0.29189275290717903,0.2932993698317479,0.29094762273051744,0.2937980979775073,0.2950685465434207,0.29571723002099154,0.29539922643439925,0.2944963217293452,0.2945139702674847,0.2949333414229597,0.29421512596678867,0.2933583695564789,0.2950990314222014,0.29768771704631974,0.2971807288031889,0.297803661454918,0.2944053532609135,0.29117210645940234,0.2914382454654189,0.2925414705308976,0.29436341165847596,0.2944579073322697,0.2948628504999065,0.29299336877537463,0.29098689935303657,0.2897086425204983,0.2917118087997002,0.29086274319481514,0.29016531802544426,0.2907739630648467,0.28956840880451024,0.2921291151004225,0.29186213487740914,0.29039541807102665,0.2940588170006004,0.2969566322949484,0.29592579338518205,0.2919152150822148,0.29123197810826257,0.2902849694279536,0.2893394431605885,0.28894006808962996,0.288022926600842,0.2873612809233578,0.28693953312661613,0.28700090131490896,0.28781661755497834,0.2888963355707057,0.2881032062318612,0.28712023989397417,0.2873721944922795,0.2848261514620304,0.28589510608882734,0.28746419677841667,0.2889784061538116,0.2906444268898319,0.2909794096887858,0.2903048445864122,0.28709259083560024,0.2879942781030695,0.28756546594692023,0.28563034037558227,0.28308361575357405,0.28463005660747515,0.2884978590011198,0.28999313067718174,0.28914947083221954,0.2892549981161798,0.28949373992864624,0.28776089183099407,0.28676404614961437,0.2876726754950562,0.2863809438928653,0.2882662066617701,0.28729023468126624,0.2864836687581741,0.28702193941375537,0.2867903560783896,0.28695155674663375,0.284382134979246,0.2851192198939887,0.287018117701617,0.2882566412339138,0.2852341827504602,0.28368387744021345,0.2820715897269776,0.2808068058349078,0.2797388321938653,0.27948474628227893,0.2771973144565158,0.2777192903474883,0.27631368542209794,0.276849266492998,0.27743038554863175,0.2756043857978916,0.2755789372528492,0.2744926474731817,0.2750923986946832,0.27427225067238575,0.27402052160191537,0.2731084055711553,0.27300007263027176,0.2772149548768221,0.2797038181207715,0.27625559618156853,0.27764793296871876,0.2796244694827794,0.2800551827225976,0.2843242596594286,0.2803092020888593,0.282190048278663,0.28200967412307515,0.2791536223616314,0.2791050262981098,0.2786094263566191,0.27908177968979514,0.2819347426080705,0.2813835601141405,0.27918547182523945,0.2784306276768532,0.27902862291876457,0.28076957702100686,0.2813736124789383,0.2813086120668236,0.2814522256480535,0.28338998512090546,0.28248267267909,0.28034668910049826,0.28243084685701786,0.2824787996889684,0.2829963645081518,0.28685711313250795,0.28442055763961993,0.28526720710443243,0.28409765384010194,0.2835236237505769,0.28373950951237387,0.28626934767635115,0.28746718584724695,0.2881223384482315,0.2867797637074621,0.2863063685673112,0.2842079736638459,0.28514315467988305,0.28556549672160964,0.283356486979316,0.2803114977674489,0.279242909670683,0.2783162175565468,0.27710556645705625,0.27864480187973506,0.27675074818288115,0.2758140827148989,0.2804666409402405,0.28348366180024503,0.28326296826194247,0.28603762754390993,0.2836351804803224,0.2825461310704187,0.2845319767450634,0.28483661067154764,0.28319969885152163,0.2814517333965607,0.2808310293082211,0.28432310393202614,0.2843697208528529,0.287483756542828,0.2879047615992604,0.28614690494356393,0.28477271233278684,0.2826834508829296,0.2852306523879678,0.28302433430035007,0.2829196461695653,0.280064219504063,0.28221380415202196,0.28443560568875087,0.2845706242788079,0.2850442109572426,0.28398543670833803,0.28164453203976453,0.2802604042395103,0.28248459182423696,0.2836850776113702,0.28319868862094255
0.0918997580272402,0.09195422394256088,0.09235579175617974,0.09352971692950705,0.09479631742657918,0.09445522958449852,0.09328003202575212,0.09266349026311986,0.09296888608739494,0.09440648014139141,0.09263929940683673,0.0933451228261758,0.09450880490891439,0.09322169202351872,0.09342447752465613,0.09434288362993234,0.09481618594182528,0.09457874117946735,0.09512719198107263,0.09668550068240585,0.09702766700940384,0.09459489835181285,0.09668051740201201,0.09314515967944217,0.09081925868219208,0.09123999647363952,0.09036337753935628,0.09176868108850345,0.08960168859034297,0.09046182113007509,0.0879746220050714,0.08891342450618803,0.0883694561011514,0.08768973702450972,0.086525403539137,0.08710986063986631,0.08626764176541615,0.08650318876233247,0.08536349540520155,0.08465711347889741,0.0849628370449255,0.08269521745427522,0.08108427359753811,0.08168991703201446,0.08117875604996519,0.08368717089058719,0.08232555258765978,0.08247613000639836,0.08227964692008655,0.08094586408219964,0.07789610952156961,0.07546979770570018,0.07579493968391336,0.072866025732801,0.07222255827568654,0.0723444857900266,0.07171318253728932,0.07018187449866742,0.06872546789693672,0.06809240185884674,0.06897603410382289,0.06716909233108764,0.06629644972564008,0.06766197402321668,0.06744537967727167,0.0653356595201073,0.06397687315742666,0.06402393697418743,0.06468382772548335,0.06782078188545719,0.06774152889633256,0.06775357402735177,0.06834533677322231,0.06738238609032896,0.06689424196179798,0.06667671279897547,0.06408510821322534,0.06337883216042704,0.0620122081725826,0.06006530064758539,0.0602155684522492,0.05950529935249782,0.05900473755214396,0.05806668230554297,0.0576672203495304,0.0577032160927311,0.05751270480191766,0.05897368832205224,0.058796520313320715,0.05749193994563129,0.05558134358042345,0.05577739673241897,0.056828877187242194,0.05780785945656674,0.05857525556370716,0.058272744502570514,0.059110472312812884,0.058301284085631615,0.05837461404481134,0.057807240785572415,0.057105731325959634,0.05692243741240321,0.05801405894030811,0.05774570667179907,0.05683642615112409,0.056908671605594964,0.057532416040399,0.057665527642643495,0.05690692952375088,0.05582558609135375,0.05571883381403184,0.05568884462650848,0.05604338595231848,0.056177375843944305,0.05600608651813314,0.056028861104483366,0.05717105107657654,0.05729487018866631,0.05725623176502272,0.057604323934849225,0.05798270511298158,0.05806752490703088,0.058321420765775275,0.058808521459526614,0.059485326147875134,0.06007174068689126,0.060352117711160655,0.06108570887187241,0.06103424662943234,0.06070784505644679,0.06131383124443888,0.06120309326888369,0.061655109937099405,0.061461225657507466,0.061415839349411507,0.061296787230840616,0.06142245653871873,0.0609214111021519,0.061068825544087345,0.060706360344203285,0.060736322141517265,0.06093938816319768,0.061014669449947406,0.06128425930525374,0.060986042900318393,0.06102856285048421,0.06077771855813913,0.060751460094226994,0.0609082238847009,0.06091218576394012,0.06072069445992376,0.06076021876559399,0.060911344568789196,0.06092461644851577,0.06122993249968395,0.061385124905935236,0.06162729942818866,0.06157073897475018,0.06165410968270136,0.0618730448423007,0.06167452747248778,0.06167152976769388,0.06188549953911091,0.06200874958465623,0.06230977785158649,0.06219553587120056,0.06213473404744283,0.06231308429867616,0.062160540883120355,0.06209232515652856,0.0622964367862475,0.062421822711564844,0.062311272163348336,0.06214839847668851,0.06227353274258168,0.06237388230268651,0.06218726711334674,0.062304715820344254,0.06234096227273429,0.06234043361691218,0.062330684543415976,0.062323117607247944,0.06226817606087956,0.06239119531526165,0.062473172812371434,0.06246678727496203,0.06256950699584835,0.06256110080307498,0.06255534713557032,0.06251297535509019,0.06255561329083693,0.06260771902320869,0.0625432071447793,0.0625585196531605,0.06261470480119559,0.06259781487954165,0.06256839062659651,0.06253958628199856,0.06261135622575997,0.06256929524891595,0.06256895920490348,0.06255743900268361,0.06258981632122834,0.062556928684527,0.062517500481291,0.06251636341366332,0.06258213861186936,0.06268245134602723,0.06267425440223516,0.06266261992774956,0.06260152378118476,0.062484684592933916,0.06253071179609856,0.06252285549246038,0.0626129377200171,0.06267068593220229,0.06282912252800284,0.0628399663128207,0.06287433933781376,0.06275739669178203,0.0630122028181627,0.06309294584448803,0.06305494774274431,0.06271360777606148,0.06269726122662236,0.06267746880347376,0.06266403330360404,0.06284870454320793,0.06267164085024421,0.06266902821620333,0.06274785270364215,0.06267933109543844,0.06247341524666629,0.06247844089925209,0.062157744673981136,0.06182874614811548,0.06164935196486055,0.061895716878135144,0.06192635008663563,0.06184964199664994,0.06211538378097584,0.0621640466323159,0.06230574876921059,0.061705729960177653,0.06126645489528529,0.061643589141204755,0.06203812232476556,0.06268335278755029,0.06311438215769076,0.06282754440734292,0.06312730363430788,0.0630530935109343,0.06306757514737889,0.06267569121766794,0.06276568410843626,0.06223185635264325,0.062330029618346244,0.06120415219787448,0.06095073257929523,0.06102991188628365,0.0610525810486751,0.06148899542961871,0.0604434381774401,0.05988871857772031,0.06037204421539461,0.06089502730669055,0.06152584487521682,0.06089703700350077,0.06069179562634233,0.06061598669890127,0.05969940307641342,0.06003477514265447,0.05855838141655008,0.05927035995656966,0.060585250894797965,0.060463946304224095,0.06001213517911522,0.06020873285944874,0.05979273833102896,0.06046415262257721,0.06048588283221162,0.061631971571899466,0.061742053034581995,0.06095589498854638,0.06070844567214974,0.060744284961486296,0.060032550966881086,0.061473897076186404,0.06069771915457509,0.060955471227964964,0.06104421982898721,0.0603424177920125,0.060596701234742145,0.060801744293139795,0.05926750866476695,0.059997084652244646,0.06019355901579418,0.06069388398140963,0.06007613074862731,0.05843012522249035,0.058895926005182016,0.058596126711200604,0.05909133494252192,0.058992319231210184,0.0584167518849955,0.058295274413842746,0.05803121618379948,0.05778389770559201,0.056965279714401726,0.057187073780247955,0.0574476786921285,0.05754622366893792,0.057610459652814805,0.05695399661380991,0.05642832279771561,0.05740999294571662,0.058958420896905055,0.05823036950773134,0.058833911811802385,0.059662446048288575,0.05970836904240917,0.059455678719919976,0.05934591738772744,0.05815001419621047,0.05804441704841698,0.05934309661110219,0.05947839619343103,0.05980752074316424,0.06189420380397758,0.060230839803947465,0.060390809320333326,0.059711234461729434,0.060718519612129505,0.06013780664009401,0.060041936142525884,0.0618886082851475,0.059419087812263516,0.058585619129318804,0.05972524865685167,0.058991006342447624,0.05934646666845086,0.060142228597739544,0.05860771165917434,0.058272670899184836,0.055744409537023226,0.05496404970311923,0.05466310070222674,0.05610858808753528,0.05660046516292778,0.05665473144538422,0.056034536075694204,0.0583776171991576,0.059375229760585145,0.0606868316046038,0.06097118642547469,0.06047754053865988,0.06222371184604783,0.0617553825498996,0.06396216547583493,0.06387515710813015,0.06288495447650154,0.06191178980065639,0.06272863705073732,0.06241508336005812,0.0633807346805569,0.06468658195490888,0.06516870576971483,0.06489694727559615,0.06490045537001835,0.06440959607403811,0.06369233170564971,0.06548669910130636,0.06662483010950603,0.0662942067990179,0.06690099465676418,0.06601892779519691,0.06687609863195727,0.06711161154955968,0.06666369896709849,0.06759744948438966,0.06718115687670277,0.06812124979472534,0.06627666377534855,0.06791228833831565,0.06637265537755895,0.06549299890100158,0.06763908422373575,0.0677734567290621,0.06876535950439525,0.06974319941015844,0.06765298298952534,0.06578773280390396,0.06447280120403678,0.06461132105755392,0.06636267753570618,0.06506136634177902,0.06536596340553744,0.06488234810176766,0.06535228051985652,0.06410193682498636,0.06457469026973266,0.06467113339592817,0.0645831884640454,0.06599856248024807,0.06719450326216342,0.06561158471952416,0.06355740277366245,0.0642981437825731,0.06444364391302133,0.06562488910945467,0.06572109912014684,0.06461744257091369,0.0656165578158626,0.06598340509932439,0.06617968256203924,0.06644307609382442,0.06722241033921303,0.06809763853552098,0.06889235495636731,0.0700867045495855,0.06977737441525025,0.06947477005182087,0.06975320197229273,0.06843011226313975,0.06788699418783228,0.06969126008028845,0.07069550557240095,0.07077040279177328,0.07096825667116766,0.07033804129560936,0.07202322719926418,0.07271670709282155,0.0714214567833518,0.06931506887965601,0.07083479114542826,0.0686606452166941,0.06888430570354956,0.06917452601874127,0.0707863849317193,0.07362137309322732,0.07682034300548232,0.0731488579277622,0.07371452644411902,0.07408789255377941,0.07258645432319144,0.07431853341580857,0.07651389191078187,0.07463503712658986,0.07544325271609627,0.07584802931815342,0.07859984629716293,0.07724741130849727,0.07735327857620436,0.0765282410942572,0.07620506957558347,0.07631677662997874,0.0736158515359794,0.0744156111174766,0.07475613365521845,0.0740681529955365,0.07415230523232239,0.07177664271506537,0.07091534668894824,0.0691667939760434,0.07078768810887393,0.07043753350227859,0.06824964236565,0.06637975850511962,0.06863372722572417,0.0706116221790275,0.06954762938920814,0.07262771672208763,0.07223210570755813,0.07176639786127556,0.07444982817920655,0.07606381390414102,0.07350997905495124,0.07647242470361208,0.07849447527373242,0.07826698716252975,0.0773393023440988,0.07703750044341277,0.07679453512184001,0.07704587824308676,0.0747401833573165,0.07414660015302107,0.07645332926319612,0.07662039671703376,0.07640595753321329,0.07516617212706093,0.0782765188738411,0.07607771511053076,0.07484872813664556,0.07568138354299168,0.07805736323947714,0.07526258037257748,0.07736977458801209,0.07697333765823416,0.07791655688597256,0.07962381512709718,0.08093894945480669,0.08115336902094766,0.08182521297021238,0.08004664938768041,0.08220790806346182,0.08168309300983703,0.08082004100864168,0.08125525548876025,0.08131664825691706,0.08224778366720567,0.08014958704089248,0.08162051493929806,0.08156996106640743,0.08080285253407624,0.08194574495218697,0.08166174600148761,0.08073478083461724,0.0805581123735692,0.07720964241344677,0.07614821285218121,0.07645879914903222,0.07708568403821893,0.07883488692707467,0.07809995490515538,0.07667956603168805,0.07732917992703152,0.07576981929991916,0.07386256463521149,0.07346873697883276,0.07677479068643807,0.07608934433406157,0.07727640986159287,0.07541024156045166,0.07562833274426585,0.07557838135766688,0.07664549352287729,0.07558002640638431,0.07466325721166346,0.07519636946036844,0.07251129333295303,0.07153006577172408,0.07225624528604306,0.07110316875076905,0.07144869959211202,0.07226000000730834,0.0751693744544705,0.07402563328431856,0.0756507546877602,0.07809804575151108,0.07769414949734159,0.07876054737190052,0.0770898252658843,0.07916809217459204,0.07855895160222019,0.074790935646761,0.0732854989985821,0.07349332609017693,0.07185652095499512,0.07322663443615238,0.07069274513712925,0.07181555218498475,0.07374526719131143,0.07407393387979103,0.07736551919161658,0.07585024016565464,0.07399502577251452,0.07728236516127794,0.07538186152586734,0.07697232065964892,0.0798660584104693,0.07956046536822357,0.08134143496501721,0.08050066260537041,0.08219712609513564,0.08334533400653217,0.08300316109306805,0.08168373988273504,0.0819917420293951,0.0804375436360648,0.08102698043693275,0.07942481514235024,0.07867099763337145,0.0799257197737747,0.08083391583739835,0.08231864429579547,0.08499148713831145,0.08725176248473857,0.08623532816238405,0.0862144369429456,0.08555738509485664,0.08394581914474981,0.08374751447663364,0.08262384616246043,0.08378301621650575,0.08306787370710272,0.08362921766135263,0.08702644491251198,0.08739020574087057,0.09147570376307414,0.09102457879559758,0.09238792378276794,0.09228082318376155,0.08969874502521609,0.0906013624311929,0.09157488984103417,0.0922631633641956,0.09170216178714131,0.09025236674481794,0.09285019088567349,0.09180415803713478,0.09088818844742981,0.0888209816376287,0.08902110699610434,0.08758909069591816,0.08683811876685658,0.09030769706937235,0.08787944364567771,0.08629239538749608,0.08779118980698414,0.08759350434424056,0.08391942378500201,0.0851917757959093,0.08463966780709482,0.08315671169966915,0.08521270531135439,0.08462412021968417,0.08473635707121101,0.08347626147934474,0.08375911916528375,0.08603131229149596,0.09024411809482552,0.08952268410960233,0.09161086941469336,0.09258101381912472,0.09184171079884142,0.09258641820244284,0.09449974027851697,0.09432460692160513,0.09407946076225981,0.09575960347479322,0.0949888870102552,0.0984096818671867,0.09982366576499302,0.09754721117537057,0.09582689228738134,0.09803200126953399,0.09947565084408916,0.10020379290134175,0.10356442327754588,0.10486377886409938,0.10299598871644862,0.10120782044572048,0.10017855940156423,0.09898427551972007,0.09994798195269045,0.09879135027118827,0.09679592770835194,0.09885511504759481,0.10003631890131533,0.10039997907440128,0.09992846365956579,0.1024485719899411,0.10152240612620199,0.10086898286929356,0.10268194688491389,0.10281797958823655,0.10147538233135218,0.10113728195604971,0.10077902665654183,0.10247643706903256,0.10561678414377487,0.10559104006624441,0.10479557366470765,0.10332830791046302,0.1022143033919253,0.10374014600897632,0.10288644744116716,0.10395771492024812,0.10145468055787557,0.09679888770480159,0.09467388572204709,0.09473971443232262,0.09612240841200671,0.09611148951952901,0.09617920572931919,0.09684957786727781,0.09561980308978786,0.09646800131253423,0.09648646646388835,0.09718039145061422,0.09786199906894014,0.0992614873078735,0.09863263683422904,0.0978876218918318,0.09864431966206148,0.09788266146919594,0.09591051428805471,0.09531623395806661,0.09337654129208481,0.09587501234146782,0.09797850134937214,0.09718995509844419,0.09492283896517889,0.09401515548082727,0.09486791607414947,0.09269757999351327,0.09170246132036092,0.09333017279646456,0.09094668767655616,0.0928496130046865,0.09738573834454403,0.09710047935994759,0.09845324290397603,0.09811531630614136,0.0975013487295351,0.09702931148280927,0.10042799466770502,0.10392652254295634,0.10380160060639758,0.1064006915216435,0.10313134182933244,0.10271505011069124,0.1011948494685664,0.10064654793847225,0.10299518855813819,0.10449957152051091,0.10343182529036926,0.10237046743505272,0.1012649315950631,0.10329428123279215,0.10315197329293997,0.10510571280252382,0.1070902109516856,0.11153608135466869,0.10910072053002176,0.11231301890966507,0.11265471073382746,0.1123330911801514,0.11406570091858023,0.11370793410991732,0.11543000256528967,0.11705817920205921,0.11649948806418232,0.11668791436835858,0.11665117318012301,0.11973360980121749,0.12019057347280807,0.12243143227016592,0.1213470855913888,0.12350556649026183,0.12452983355675613,0.1227669632921438,0.120599787392295,0.12065929664489757,0.12018249750738978,0.11903906816225658,0.12073488895327962,0.1207928256347879,0.12192862452120082,0.1210526293838985,0.12240947251420495,0.12250350584641108,0.12195748616056404,0.12491911668523993,0.12428576105337431,0.12454244594020465,0.12481640998830569,0.124490582430767,0.12848531676771321,0.12556988615978354,0.12487757294864575,0.12512653201910265,0.12308115514667634,0.12180751888208373,0.11911819300337012,0.11792473052988509,0.11960916822392058,0.12070572137068238,0.12054201675100633,0.12002847638931156,0.12147998355168393,0.1237434510002391,0.12395614849093749,0.1236482865205606,0.12663835347509497,0.12634704107704406,0.1289948814865995,0.12993997313570596,0.1287122625729524,0.1306328945629174,0.13160660440080138,0.13213462051103708,0.133356547509736,0.13511670087894354,0.13409506054527726,0.13063652661809358,0.13313660088934293,0.13433365483077236,0.13740163023768528,0.13697407918150245,0.13806083581348405,0.1373474901322327,0.13737247642963898,0.14064621061402824,0.14172326281257125,0.14294928761844375,0.14419638643207167,0.14507849476404888,0.14440541486716335,0.14349655147802623,0.14341515473073563,0.1413422746285622,0.13885785416056343,0.1352396972571149,0.1365597925794269,0.13583406345473295,0.13713614581886063,0.13769049503740727,0.14158539760408573,0.14088106988887136,0.14076061833350823,0.14542651550939664,0.14410812828992867,0.14656221120717608,0.14704364396645594,0.14685265285816912,0.14723576396943738,0.14483786461142245,0.1460135383229181,0.1428536130534213,0.14509982127306767,0.14364170407415125,0.1425665842409377,0.14065753066301892,0.14241032208796411,0.14249550275136527,0.14471868993525597,0.14458101970636286,0.14530249075969773,0.146408973966707,0.14669717803944604,0.14611257188395801,0.144436289705972,0.14642400578156559,0.15011670752746611,0.147237405231828,0.14865340404281918,0.14814377652121102,0.1459645127494483,0.14765725390872958,0.14746605357430068,0.15011627926064144,0.15022032493607418,0.15026593135297645,0.14821348702270248,0.1445929572515643,0.14372124330296332,0.1434242933107014,0.14372924987281835,0.14243246590929304,0.1432500052424409,0.14186651676096076,0.14178260264180398,0.14286046897187396,0.1432455790758558,0.14270529957674102,0.1429969815189954,0.14445826295924852,0.1443352506768136,0.14393800531404427,0.1452811395864941,0.14411478007965556,0.14592057261890018,0.14417918980074096,0.14521888267888422,0.14358691027854115,0.14242177556195462,0.14223100135722203,0.14362359034022223,0.14706880815806714,0.1499543541235887,0.15027358341709218,0.1510128332804398,0.14939506856244864,0.15074909980664575,0.15250042768285615,0.1514374981874679,0.15435123473067797,0.15332841353534207,0.15325355463788376,0.15285937464156935,0.15052124691890856,0.15099196751024832,0.1515578038226609,0.1512812208565942,0.1501380383166529,0.147030613382471,0.14814356964573996,0.14716525969792416,0.14982864683966768,0.14988900712472678,0.15172069725495438,0.15490616863739465,0.1519823641637334,0.15593452729468127,0.15548362758996453,0.15534915520794693,0.15254267133679672,0.15581897283617496,0.154765521638761,0.1572692574656367,0.1599396532899036,0.15900037876582832,0.1592862696588199,0.15914513896956609,0.15822182805783122,0.16035888330363343,0.15786529002683466,0.1549857565985625,0.15026074921365493,0.15250387525724493,0.1521288110056666,0.15286055037972068,0.1520616918792794,0.15242067345827853,0.15338957026929043,0.1540726845451473,0.1552656861334565,0.1552803258460971,0.1562603604925175,0.15654678671942082,0.15565437364006526,0.1578171300693913,0.1564160392807426,0.15624143292593884,0.15766466954172256,0.15763801452253395,0.15667854480904042,0.15647142034043157,0.15513424180396973,0.15446472877900763,0.15622601011690068,0.15710224269803252,0.15630972149065125,0.15373722522287958,0.15555480933825896,0.15588054615631788,0.15469887575780764,0.15512160476593767,0.1556336167915152,0.15687787078066762,0.15681672795086526,0.15631429062882232,0.15743104437082286,0.15720895013495703,0.1583793853043719,0.16245751352613408,0.15999985716695636,0.16156673575321423,0.1639033612851983,0.1619548524846083,0.1623034544938519,0.165645835186458,0.1657291360273852,0.16971235143611596,0.17023469290366472,0.169368030700025,0.16954243895469465,0.17234716302916642,0.17559440232207812,0.17246981226052896,0.17153757368647204,0.17306614994083971,0.17326846990034706,0.1711283536074162,0.1709950033499826,0.17490903229677898,0.1717138946923349,0.17050089152759804,0.1710099836066899,0.16852849831911487,0.16749479052310462,0.16580383586059436,0.16942894183164758,0.1701397551545665,0.17083880058070197,0.16833918294891845,0.1702862777645419,0.17335919642457756,0.1736305191842304,0.17549893489205848,0.17602931786429174,0.17475750214408334,0.1720645077647043,0.17203847469327774,0.172353787752485,0.1719582264526517,0.1731214531016643,0.17133324772934178,0.1697112355484798
0.08056306767073906,0.08072332038418681,0.07946926879771349,0.07847017594165506,0.07835126565638559,0.07489684932978564,0.07553170240714731,0.07326401765247019,0.07465385543114854,0.07610265431962761,0.07394627213394146,0.07294281304311498,0.07445139068652856,0.07643579517240094,0.07585218632424383,0.07558126574400922,0.07705560746181384,0.07910283730893503,0.08175853403329421,0.08131926684122887,0.08458714269562534,0.08385195780293024,0.08163907947770359,0.08360930431245707,0.08353016694382628,0.08483950524245104,0.08559100740965472,0.08571462471469818,0.08773194654629796,0.08536730539765365,0.08757220205539312,0.08561613574083683,0.08600768978558784,0.08511369621226617,0.08529970903005651,0.0824859819288522,0.07928968398617728,0.07791378218526383,0.07508687649113115,0.07489789330006498,0.07227581894314448,0.07253393957989157,0.07438009329717311,0.07455106688885307,0.07326596199979432,0.07150997341423479,0.07291322896095279,0.07358613031212646,0.07381360618343975,0.0761732040917862,0.08006505675806139,0.08387856525266761,0.08440240364363417,0.0872684866838436,0.08972828455080975,0.09083271796570623,0.0914245557214159,0.09216295843588056,0.09247692734557388,0.0921050644526237,0.09194491225501981,0.09201027365211506,0.0918059901030495,0.0914806761186279,0.09056831326426856,0.0898527941136821,0.09028619113993618,0.08880078359980387,0.09121289081305628,0.08916902073143904,0.0889237797506989,0.09042373619530569,0.09183870463879662,0.09095577895975027,0.09064505114248662,0.08955529921380044,0.09153053716098873,0.08954111036559828,0.08978467525257601,0.0897985886084461,0.08970195225751777,0.08990991633647641,0.09021578312738171,0.09092470387098008,0.09159103738004766,0.09305410166223553,0.09314770658985115,0.09370832856230805,0.09342216952670925,0.0932871498477926,0.09406133618160445,0.0948165472794706,0.09447208497824054,0.09432407360039276,0.09486079630933147,0.09567674448001996,0.09628412721862613,0.09549865731849097,0.09608716154998519,0.09592640376652023,0.09545944689564026,0.09523358958241669,0.0962550371752347,0.09669740021849677,0.09613669041053496,0.09641860724790244,0.0952269418727722,0.09481057384579261,0.09412037071394996,0.09402138706619761,0.09334624936626669,0.09306976657878863,0.0938184932889273,0.09302083229240438,0.0929219257196493,0.09362695826888721,0.09342568484066423,0.09416567802651012,0.09461626097738969,0.09521828765511396,0.09520993808903042,0.09540102145875735,0.09522428471511529,0.0956977876249732,0.09608197435524561,0.09573242343491317,0.09612200544031912,0.09533864556312886,0.0952411315082959,0.09486661353775495,0.09424184576503153,0.09460268800202166,0.09476458681013758,0.09481662910091453,0.0948748222120472,0.09490348937257095,0.09500676908724158,0.09484327490854884,0.09488599729994542,0.09508675029687241,0.09490331387134883,0.09476623969050914,0.09495539753467776,0.09484528100946864,0.0950026388125911,0.09470515047579382,0.09461040360856852,0.09421314333244495,0.09489092777250137,0.0947372931706758,0.0951452595437678,0.09496322800204726,0.0945440049884033,0.0947313921905119,0.09505433613788396,0.09518729473620918,0.09495653125624978,0.0951608233951751,0.0948867208984937,0.09474995431545871,0.09481426457623224,0.09469393843435774,0.09476187408267675,0.09472256022296242,0.09478011739763872,0.0947222067484371,0.09453031997528302,0.09444269289237042,0.09422013790114438,0.09422371897408599,0.09423323306037008,0.09393263289311575,0.09398595613533915,0.0938806757759773,0.09386308126368031,0.093771459900003,0.09384852293758686,0.0937782109823573,0.09373239729941484,0.0937098593904697,0.09362802945115378,0.09357022688790691,0.0936564426066818,0.09374436257475899,0.09367310835227842,0.09366147965600648,0.0936561406080699,0.09361303943134107,0.09363971320369421,0.09367271903055421,0.09361356379413849,0.0936066490419377,0.09375132480175878,0.0937239882027056,0.09374217223772946,0.09378903771059438,0.09382197837013895,0.09385488432316279,0.09388594783819804,0.09385219574230325,0.09386758596467437,0.09375708280919388,0.09381835027340074,0.09390671078067613,0.09387576200229222,0.09387783824148777,0.09392582357436913,0.09393377241933751,0.09388006637558764,0.09386270639747192,0.09389548092192053,0.09387076838139745,0.09378060306568343,0.09380131270749653,0.09372780908430521,0.09371188838041764,0.09376734720690044,0.09378912015858919,0.09372837308630552,0.09392023870841455,0.09392469051405607,0.09382683782316166,0.09388827792769233,0.09407151612487845,0.09435739655867584,0.09427389526721393,0.09422695942199162,0.09408484061813104,0.09446641603748727,0.0947378612323805,0.09487230691609744,0.09474327291007736,0.09443373257729683,0.09437065352630494,0.09464678614086143,0.09492564340178382,0.09489038027639354,0.09505147365077715,0.09526907373775587,0.09488291438756352,0.0948288406899997,0.09482695005830166,0.09448978789151216,0.09449017762235873,0.09443328963374531,0.09453687161204453,0.0942353404390687,0.09346815947596131,0.09306734622630138,0.09317674531991196,0.0928462989953797,0.093585289223939,0.09330740970799158,0.09371756323576143,0.09362268813571326,0.0933576989304523,0.09322909116593657,0.09320645723313385,0.09338294133370958,0.09315651540523298,0.09310326750528387,0.09309457102773652,0.09290663034480269,0.09288500981993224,0.09312431071297006,0.09277133833637652,0.09307646142076452,0.09356643558893567,0.09371244358065545,0.09316451046333779,0.09291581677254264,0.09266892942258917,0.09232814518114134,0.0926477326393063,0.09184087990218379,0.0914083946876746,0.09108603611463811,0.09177792877346336,0.09147180556433457,0.09180879256585542,0.09321385084249459,0.09352953756916932,0.09420364724108361,0.09456527118218873,0.09332972695967513,0.09486815729176395,0.09520057537620488,0.0947147060260682,0.09538297965044754,0.09539177402954886,0.09549907227826118,0.09511541365358524,0.09505223347112424,0.09574312364722568,0.09536801075423153,0.09556113833062586,0.09500678157533594,0.095263444289165,0.09524442740804208,0.09464979219570767,0.09469893867718474,0.09416439855063301,0.09408198743778402,0.09362334713599564,0.09540263687923073,0.09564444987491162,0.09596235540156807,0.09709316107667336,0.09761161881821544,0.0971609585467487,0.09596553439624697,0.09602429147551403,0.09674198257234569,0.0960092275588376,0.09517805280344291,0.09521750032098128,0.09417030549534115,0.09278109556320575,0.09259212502144752,0.09167593302867724,0.0916998894651579,0.09244861065301034,0.09226859581733787,0.09141646014743852,0.09251177724006508,0.0927989457688383,0.09131504040347829,0.09211425304567385,0.09285595835223572,0.09219023734279755,0.09298161245855552,0.09360387599217064,0.092269321764652,0.09191602220421469,0.09243990940826376,0.09317918507999737,0.09250118269485273,0.09343892324238834,0.093525065155532,0.09442856124345024,0.09425334789949492,0.09544894598460432,0.09595782418850461,0.09617776639630125,0.0970689519913722,0.09708649931255209,0.09674702250376743,0.09649679650933665,0.09622804297106584,0.09549915013054706,0.09422675231169624,0.09352368552160219,0.09267353597985109,0.09275445034559177,0.09174270795048285,0.09313059151143781,0.09260373608014005,0.09060155666858045,0.08897483898644666,0.08980000757215036,0.08990236480550097,0.08986870394793973,0.09116738547588155,0.09116170469007556,0.09239147530465466,0.09086836237933593,0.08952584877738202,0.09131832957692328,0.09203787698931938,0.09054958144760052,0.09027999276323774,0.0909360723657821,0.09048272779216582,0.09060489523538552,0.09071794673575413,0.09100729290986694,0.09032371822039038,0.09164868971443378,0.0918867579164729,0.0912316573107578,0.09124035233589338,0.09218447365807965,0.0946764009318839,0.0945324369880873,0.095450263386671,0.09517433560223694,0.09507453586849957,0.09569599774524173,0.09397038619772881,0.09569911687379928,0.09538944013607809,0.095376064594171,0.09749892030030334,0.09618940558972705,0.09482858272108094,0.09447334335959726,0.09605491845035966,0.09547740740300402,0.09430133171588109,0.09524890118379868,0.09446612610058908,0.09346847319299659,0.09503009926010603,0.09500255608548358,0.09701389885601648,0.0948073966896848,0.09461178939515331,0.09640695924508194,0.09634452150434639,0.09603407720092065,0.09459894191700301,0.09490618411369937,0.09732944668418352,0.09632335391087034,0.09472722701554812,0.09693915629874553,0.09692053126813205,0.09814680117575798,0.09665684625195586,0.09636460731476816,0.0985327928996816,0.09692571903444519,0.09581123369632641,0.09598813958270709,0.09539980130005786,0.09694476422812633,0.09850848836324723,0.09739197707923068,0.09671717678521052,0.09461516169523757,0.0955619624838425,0.09614480151379272,0.09446688024049901,0.09609922218675827,0.09754030690291268,0.09724484737330572,0.09752505379279013,0.0956398849141479,0.0976477208747645,0.09729138392882666,0.09744810131652203,0.09560732519796276,0.09305654900716209,0.0907803241347305,0.0939677732027761,0.0919146345604172,0.08876600720731247,0.08757389272907905,0.08754476187963448,0.08946446358594935,0.08739839777891444,0.08673879350843788,0.0871722001785745,0.086718386809916,0.08691511509315253,0.08746240026053587,0.08879737386698311,0.0902726928256652,0.08887439572013904,0.08937874004837715,0.09014084070656611,0.09173745981733765,0.09127379739480865,0.08910862511602206,0.08997151720737766,0.08991372314876661,0.09120470557309127,0.09158827773945698,0.09014267804893797,0.08894503578396813,0.09120456688363608,0.0909863432037643,0.08845346800123764,0.09016142515391873,0.09356308645876744,0.09400885894688094,0.09555815262990108,0.0949550565119181,0.0947634087105697,0.09581842374712178,0.09769816127169806,0.09883709644505519,0.09842880540013411,0.10067931089258128,0.09922889773983243,0.09693454181462396,0.09867873635420624,0.09960682096088101,0.09998884493083375,0.09966753820977349,0.10026758833564314,0.10017639670271565,0.10141241496075787,0.1018146119314115,0.09976962295008526,0.09871383331372453,0.09792514242345758,0.09903880294897678,0.094986472175531,0.09346298662899744,0.09251862705050506,0.09267354152044885,0.09015549793077808,0.09098234041126384,0.08903109382167995,0.08747446816805082,0.08726198825144657,0.08246047004154007,0.08232110386918425,0.08399896773173847,0.0827103499784567,0.0795891201997231,0.07890708671968363,0.07952324860525314,0.07818498017314857,0.08136838234556185,0.08254837092230753,0.08121110373915058,0.08043525330125469,0.08124862418075414,0.08179057821481256,0.08197613494874387,0.07981275474111554,0.07864038558244721,0.07873776566069968,0.07691785935231915,0.0809682323303627,0.08082500694259057,0.08256459469249534,0.08243895964648779,0.080885134397658,0.08059212174450671,0.08065370036538003,0.08005690320953147,0.07916199325428291,0.07790136997409663,0.07606625012494235,0.07760670874865752,0.07665850780260079,0.07708964835358244,0.07910439156839252,0.07769247767695556,0.07631056893829165,0.07614380972229502,0.07478379220629694,0.07591467602641208,0.07840008253370452,0.07556146771562808,0.07848709984152288,0.07730130618441429,0.07881509948559845,0.07594588360474902,0.07482170975408864,0.07484742605883374,0.0762604178525565,0.07265817183031785,0.0742097027188993,0.0747951707247612,0.07476660637459068,0.07584496992192825,0.07829573351821947,0.07715735565146482,0.07797428704648,0.07854081787575046,0.0783146286974507,0.0782778574120942,0.07784943478135892,0.07617397798766566,0.07777796900928773,0.07796086836184798,0.07900797077481325,0.07743886740988502,0.07638523173584008,0.07779677452404178,0.07752006176682281,0.07882170405828473,0.08004564299121228,0.07872063949121097,0.07769336882119199,0.07725056931467553,0.0744362271661062,0.07492441749255378,0.07155504095301891,0.07121227139394716,0.07006064384501118,0.07045156333116025,0.07109096212425098,0.07126298635354664,0.07251105085293098,0.07258503900898282,0.07260372722943018,0.07284135675412487,0.07373238393002078,0.07272480782808312,0.07210420014948853,0.07716997401810988,0.08046225252305791,0.07898117704436283,0.07831301068310237,0.07883648100665674,0.07916388750428852,0.08064088838961556,0.07898769684741447,0.0776745576093599,0.07782356320440618,0.07889506035999432,0.07878755854909546,0.0791329393946514,0.07771055543049679,0.07642800615895404,0.07646638648926465,0.07599363586760276,0.07721200110827495,0.07308970822102022,0.07100557851553849,0.07054786825733508,0.07283193423933239,0.06991128331661724,0.06999819180140845,0.0690884377727444,0.06788147940673807,0.07053645403206048,0.07078002418222624,0.07126349083871793,0.07022239897796041,0.07221377292050306,0.07439945275047705,0.07898207255743483,0.07760603160242249,0.07805185316342636,0.07685544274345797,0.07700158480167643,0.07740449019658233,0.07569763414591102,0.07739444740870556,0.0785057644554981,0.08026058414021696,0.07999248771222693,0.07980636776249864,0.07753900395294,0.07717936725638264,0.07719011137707142,0.07667157068338527,0.07801331839825956,0.0809773346586927,0.08494743849270726,0.08666549428438688,0.087480771885897,0.09124989798573628,0.0913277089721378,0.09084349735024594,0.08883466203025593,0.08937371006587931,0.0898059267787995,0.08947099384787706,0.08775071192403551,0.0876760873627056,0.08631697767826615,0.0879713956402883,0.08855776514869387,0.0893046768438139,0.08866707133255447,0.08700588961543881,0.08855521932548392,0.08935832649998637,0.0909884364776548,0.09145110568416963,0.09281252802225769,0.09365718371896457,0.0928114908551885,0.09246899753192554,0.09143313562393077,0.09236788871561624,0.09318894011695943,0.09010895399036141,0.08948181599187183,0.09180721125993083,0.09098542224690293,0.09102652091644405,0.08855570717119735,0.08803863853547217,0.08774110473800899,0.08705235852019891,0.08708688407692994,0.08560138612365663,0.08580389322293329,0.08691471372715952,0.08608396593063233,0.08913896199085773,0.09039748844102057,0.09055943924415852,0.08936841943108252,0.09102682320063965,0.09145676993359739,0.09105370678736811,0.09116487113422472,0.08948751493978156,0.09221215309724479,0.09160237208126237,0.09109418008278175,0.09093443409743374,0.09312924426608447,0.09419726194409764,0.09544585963368615,0.09668548484524629,0.09841829667776411,0.09851352136935866,0.09752446462994267,0.09709178357163321,0.09930762247109563,0.10116347017120564,0.10157965390786465,0.09978447366040162,0.09775799773549226,0.0968456943205762,0.09651090811334337,0.09622293187360828,0.09477825145924072,0.09544573168455432,0.09573810235059828,0.09360102150092406,0.09447100118463027,0.09753252852368549,0.09980613552766665,0.10679503765769677,0.10771643504381533,0.10724827638290757,0.10608476179888143,0.1051234847100913,0.10412245040095952,0.10663736691268384,0.10892084640144542,0.10788156904221824,0.10840622265823027,0.10838536154177612,0.10820468599961978,0.10523908473789692,0.10214263968485023,0.10141424527658327,0.10399002677460946,0.1060096262474868,0.10610056749030122,0.10385019024356607,0.09945315292257656,0.10192884545174326,0.10418290458773517,0.10408185630617935,0.10549047302242304,0.10621329660051063,0.1033555088380842,0.1049928880476895,0.10733721795105115,0.10292943814785432,0.10212939651291476,0.10037367414661763,0.10383886651807943,0.10667779113340302,0.10442631311673348,0.10669307540063676,0.10449869205573713,0.10627566819015806,0.10441399555736919,0.10924992711436797,0.10943044962902501,0.10492294490836035,0.10582487754371878,0.10830253302281813,0.10508589747042857,0.10346889012658775,0.10225132131657842,0.10081259629655535,0.10033475588407625,0.10052687017750996,0.10165016570068391,0.10134563218265052,0.1011380759686815,0.09976007623347857,0.10245761659744543,0.10243853563845925,0.10344943085495562,0.1046284889036945,0.10278240320642677,0.10454657675963834,0.10793120014252741,0.1052102771350028,0.10448796142099927,0.1036149426047762,0.10176766298992826,0.10091435212547481,0.1009172614780531,0.10153638638093776,0.10218234899692087,0.1047285429149753,0.10247570947967684,0.10470229366579421,0.10460840064460918,0.10614037946844242,0.10837112064658544,0.10694814374841027,0.10864941379458032,0.11061625463727957,0.10944596901448649,0.10694769364480339,0.10794921781865256,0.10959624702563636,0.11032753796671364,0.11117714460567014,0.10920946921744136,0.11154461679242583,0.10979354038855986,0.11065299052886485,0.11078653541837538,0.11079792612194295,0.10988683951233286,0.1133100559908907,0.11098097086308595,0.11219593944130578,0.11320978189572588,0.11325237790884328,0.11597095919765868,0.11505819953696425,0.11278125713234982,0.11654524301598398,0.11639411215132923,0.11561322251257558,0.11692887563379452,0.11836758866972343,0.11618758690736661,0.11555592204294919,0.11345539126281057,0.11389430444554244,0.1141454708040221,0.11633003753495402,0.11704276814517128,0.11804953210062795,0.11694463700041453,0.11558239414219576,0.1135169364086474,0.11348622488099551,0.11856660240352575,0.11626279783927272,0.1155684160188268,0.1137094538414307,0.11407281132764274,0.1119504971454727,0.11426555676841481,0.11147413957738377,0.1105690799679606,0.11311632599117544,0.11285000614523585,0.11037042346055902,0.11397203703234718,0.11457028509250639,0.11410890278386455,0.11385286831687337,0.11225381525410803,0.11415217542206797,0.11253542815297686,0.11281499810421916,0.11423922753362283,0.11308515168726965,0.11480276587237728,0.11568520617310701,0.11571234623654919,0.11502958541362568,0.116729319462537,0.11782561742137622,0.11724749639833311,0.11592157107999396,0.1172991451123043,0.1198637428327583,0.11923027419793891,0.12044451976306096,0.12068955259061917,0.11927777706272329,0.11674894029251341,0.11601731783353308,0.11759885072036233,0.11614316816757925,0.11348274385956117,0.1134919677243638,0.1166034589996904,0.11893586542559172,0.11611466833314625,0.12051906269884499,0.11844585266284492,0.11354525284789654,0.1134274949899929,0.11317286302735957,0.11710677133966774,0.11715473672153981,0.11640240813631926,0.11874026544387017,0.1207425950582628,0.11609757502291389,0.11638883073755263,0.11801069603947184,0.11658489454377002,0.11656537585873393,0.12005434469373567,0.11884942568533642,0.11952075711584077,0.11812827064984761,0.1193059817831071,0.12184911743942432,0.12384953038076767,0.12486543762910517,0.12591783240310644,0.12488316178273397,0.12277946062371259,0.12038156195444247,0.1199566573622931,0.12248667026437213,0.12186226176486568,0.12268635483224054,0.12210348499464331,0.12400675072120242,0.1254711814159532,0.12408879205164215,0.12269567554751946,0.12477863409843531,0.12241461920398163,0.1244911792955125,0.12331496279673919,0.12150634173614697,0.11884248653458539,0.1174545035341852,0.11453122800471612,0.11587523026714004,0.11590813384010307,0.1159817750649367,0.11511394802147455,0.11498715576818594,0.1166192394399753,0.11788404965863403,0.11831973631808847,0.11962580590060759,0.11992514646537358,0.12057652784913485,0.11858813105512671,0.11882434238553388,0.11852159341780233,0.1199117072012848,0.12016967355146328,0.1208005909335125,0.12236349899420844,0.12179287408527577,0.12284724826461105,0.12226632184033277,0.12473664433103862,0.125096741920959,0.1283374380369585,0.12744137971773878,0.1288647157034672,0.13008334241135652,0.13113042471673336,0.1328628195028429,0.13577823009287865,0.13612814427056608,0.13672189837280654,0.1386477389393677,0.13999839408544104,0.13845451267508863,0.13757475247665962,0.13783972920839122,0.13682869062150307,0.13872353369640164,0.13996783995431458,0.1398737496203384,0.138723783378777,0.13691817751710375,0.13742205214550296,0.13795822583968412,0.1404387489118177,0.13735146374437238,0.13644114936573956,0.13773948146591383,0.1381330095137323,0.1390393758376454,0.13965128946820438,0.13930242783703795,0.13794445298076802,0.13751551767808143,0.13508721366715942,0.13725184550100913,0.136151590334258,0.1319214988608334,0.13146595991809817,0.13183378847545807,0.13011854468867967,0.12907379573693084,0.1301380066874028,0.1305571128009747,0.13271092320569505,0.13342054860880265,0.13700440620909352,0.13558848525211734,0.13375759886413105,0.13388949676943826,0.1340197056923373
0.08100595497955197,0.08109209494846029,0.08230888599886507,0.08339529023408913,0.08253732087005254,0.08368926602352503,0.08465477281280091,0.08206607465989625,0.08417258154916779,0.08723583667938073,0.08606618360232705,0.0884951801903234,0.08875596068785631,0.08986288754924018,0.08678788092180884,0.08682408354492893,0.08650084052769713,0.08632093394806399,0.08540611308022122,0.08634350085874215,0.0870430711783069,0.08624012311434356,0.08270383813617518,0.08146777959695557,0.08101159248519893,0.08059128406154406,0.0787576915819287,0.07807724562637693,0.07969429741441514,0.08004153978636505,0.08089543162646487,0.07890013302418042,0.07968853809652755,0.07634588111242707,0.07769366103337227,0.07897715343738221,0.08237532326529767,0.08256268535629442,0.08414642901567541,0.0864058999402289,0.0856469994564378,0.08921596396994141,0.08931561091234115,0.0894740916036196,0.09028267284570449,0.0888953402309745,0.09133561010021082,0.09165436324707069,0.09278176674828244,0.09382682871848061,0.09326920865854842,0.09136416659678825,0.09195974221401643,0.09280877772713071,0.09198687106563307,0.09237991925163365,0.09092155602621749,0.09023334102649612,0.08878631321976699,0.08694232040520959,0.08667172094011658,0.08674754936415352,0.08833465690133581,0.088056623414177,0.09029429909173087,0.08930853215533162,0.08769145887969822,0.08858137651639594,0.08839982919042237,0.08972725045204583,0.091431885051105,0.09112841619600079,0.08980295997358305,0.08655262448387313,0.08670995268052577,0.08537838250026974,0.08590120277766287,0.08681400987285304,0.08598337440185616,0.08529915959204964,0.08496885544514232,0.08454606995064201,0.08478186948160853,0.08586178602175032,0.08589200455735282,0.08723692363347647,0.08715655895948494,0.08822399817945774,0.08836047854577231,0.08927360084865078,0.0893835633551547,0.08984756204434208,0.0905277207890664,0.09057643437396763,0.09060878834834182,0.09023097552511138,0.09015090447017805,0.08995265368043148,0.09093316493606048,0.0906065339468784,0.0895235740154636,0.08981426276283193,0.09083431478595567,0.09170129263990794,0.09225994712856025,0.09238220489694296,0.09324670174559872,0.09379544743031784,0.09403255479334362,0.0930346009065401,0.09270962663381026,0.09199595038093994,0.09160639672733219,0.09235496446864964,0.09225013585378194,0.09211985128123772,0.09239425396965695,0.09312420100299701,0.09395885824505631,0.09381844576781352,0.09344432126660038,0.09250532771987557,0.09273550937014391,0.09239906794733799,0.09220729267535406,0.09190348588098479,0.09185826895475122,0.09158875592211378,0.09186612987241735,0.09161997360229714,0.09214806477245824,0.09217254688919663,0.09221117141727841,0.09254836293761044,0.09241997383741891,0.09246613878200736,0.09228113821061619,0.09233033139426046,0.09192283765275532,0.09210638357756652,0.09207801307680302,0.09236031002880063,0.09240127683290021,0.09239007554333885,0.09223443810940024,0.09232864750780533,0.09233200901073337,0.09217734272746593,0.09244514970008433,0.09238752875283658,0.09231858235126149,0.09250161502682537,0.09256694941119062,0.09236218837488337,0.09257128496528648,0.09280946175673917,0.09312510051129165,0.09294476584572103,0.09315918305714296,0.09342732028980985,0.09338629653032454,0.09349458622393021,0.09348547281597927,0.09359111897441125,0.09371065362380299,0.09380737200290995,0.09392715519564784,0.09401618103016746,0.0940643675600372,0.09387994852982239,0.09401608049578714,0.09397794593145509,0.09378757028656687,0.09371455002024388,0.09375018381606408,0.09373620786944742,0.09386652938894478,0.09394262781471681,0.09396705952237305,0.0940217267528268,0.09398549362394629,0.09401867335870646,0.09397657881077418,0.09396558966228871,0.09393687613886988,0.09383688448295752,0.09392701545446643,0.09397874468647353,0.09398471470422497,0.09407074012761271,0.09405575607070267,0.09403189870660339,0.09387037194255371,0.09388085959039887,0.09389387848299696,0.0938357316060073,0.09383465905974775,0.09382569754549772,0.09389823650681939,0.09390995920135384,0.09395447113758854,0.09391430901653988,0.09392563163626413,0.094002908965566,0.09387788838656133,0.09383540221061201,0.09378483289574,0.09374834573172451,0.09372149662310436,0.09364363482026727,0.09361830985357138,0.0936131047420704,0.09363681722634584,0.09365209346607405,0.09372838415738947,0.09373719230215434,0.09374501797689946,0.09359233044820338,0.09349799412032096,0.0937544407429396,0.09357837164600123,0.09360317883427438,0.09355400252448627,0.09373386835741082,0.09373084187438238,0.09371862835168589,0.09363277643374097,0.0935354890977099,0.09348888831373571,0.09328852384381457,0.09330003842842716,0.09320005379580211,0.09282506988374677,0.0928173045915209,0.09297941848759535,0.09304771716172495,0.09285685565124285,0.0924687890349139,0.09253621151739834,0.09236563155325067,0.09228259528065347,0.09252428580426136,0.09243740225606961,0.09222849375853302,0.09261761891306831,0.09310449615934469,0.09309755641493225,0.09308920174890091,0.09338180020184997,0.09337310933991932,0.09434382434246588,0.09404888557144604,0.09420664585224872,0.09435373324967715,0.09445579245314364,0.09427674988054684,0.09443146234760745,0.09509592231673704,0.09532375857739847,0.09602747197591667,0.09650244858840706,0.09649511513997068,0.0959360837361367,0.09546710668823778,0.0957655590646898,0.09618672947451437,0.096554829199231,0.0968753071144937,0.09655153750175055,0.09673443350264145,0.0963155767931806,0.09621732530725476,0.09641511876365123,0.09681889873619212,0.09711145374126844,0.09635014270036303,0.0955678748209262,0.09613215195355386,0.09529394243635357,0.09485419141355836,0.09520365742406682,0.09501996653245669,0.09453615695314861,0.09520466763575768,0.0941573513198279,0.09452123346832854,0.0946393481732272,0.09489400001163321,0.0943661058774314,0.09444974342124034,0.09362999328513949,0.09355905140735267,0.0928834231294786,0.09280818136982466,0.09277529454258493,0.09317639765085607,0.0936106141067286,0.09319331155998752,0.09408969924349656,0.09288025158882021,0.093307576152062,0.09348993309312024,0.09413367104183556,0.09416995552338576,0.09392170952669994,0.09550160961924076,0.09572197877411208,0.09723983769483192,0.09590734079990301,0.09573859827494441,0.0969833781208437,0.09743992738036077,0.09616184247017179,0.09579613792839936,0.09700635418235928,0.09746179480420386,0.09960024256152522,0.09860776059368562,0.0994644865808378,0.09984776436277004,0.1003635372388719,0.10213405780027245,0.10318047465314634,0.10211682417470465,0.10174528929743279,0.10348803421500057,0.10241464998403897,0.10174687824965656,0.10059376587916548,0.10041658121056628,0.10054499231740902,0.10105723406597311,0.10150856808729668,0.10151288264444672,0.10148716422100247,0.10111164048157846,0.10152652029956025,0.10231206690957348,0.10350529250971542,0.10456723304494314,0.10391852616104985,0.10473244996655204,0.10308184570589027,0.10296466930842324,0.10399408701927527,0.10392735804964895,0.10529104082582481,0.10569475291083705,0.10624741307874074,0.10793418943325868,0.10802950836009353,0.1055386186172302,0.10721523248706355,0.10720813038190875,0.10588327028457539,0.10571478491095243,0.10537691701345882,0.10232995367748857,0.10332046197693347,0.10349413115410609,0.10255786124754973,0.10210789415191579,0.10249809260735546,0.10356416621652248,0.10303349593269089,0.10123121984615983,0.10000487722396878,0.0994257873328481,0.10043101077390222,0.10083595786996156,0.10197587660826918,0.10077341481605367,0.10051030625621854,0.10021085715990935,0.10144830289656788,0.10184607697414728,0.10115769348073672,0.10031573651877494,0.10011339755657173,0.09855915389889178,0.09908567582819919,0.10029527677264621,0.09912605508899644,0.09877832234408195,0.09669068440722413,0.09582963261595864,0.09420422661234389,0.09331920737806929,0.09368672368770838,0.09497054986803484,0.09518750833636296,0.09447301970589185,0.09507170059962512,0.09426157533023455,0.0942607930207822,0.09494687765816316,0.0963496053493129,0.0975025653450649,0.09812789821931968,0.09905851611492084,0.10017738786273704,0.09969785498791596,0.10037991099937699,0.10244254951164398,0.10086578349349884,0.09871416975606419,0.09614637528609625,0.09550080782534309,0.09375706242943833,0.09361672606472574,0.09432007597129616,0.09312612763665865,0.09207667802042659,0.0898799406737099,0.09001538992866497,0.09069937178743338,0.08841439768061077,0.08739105036832945,0.08623925537671497,0.08687769105600511,0.0882680097291601,0.08741675709180584,0.09156369664204687,0.09053466994893576,0.08939872537563508,0.08990350540384735,0.09186965400154429,0.09230167762918433,0.09088433528081002,0.09307373260798003,0.09519742132963312,0.09438006731805569,0.09460762357802807,0.09827220326436491,0.09665284398084427,0.0961713946948151,0.09712558093966013,0.09685554189516807,0.09752547389482422,0.09727614600444884,0.09827516922453096,0.10044029047571522,0.10045115287360135,0.10086031251342557,0.10140702114498844,0.09942462051643412,0.09820843530385445,0.09864353714860954,0.09894475525263079,0.09779375210503768,0.09772421590677567,0.09747622487145673,0.09607815484902323,0.09483997473663569,0.09490147360701455,0.09548500882188234,0.09656301497614404,0.09753177396350131,0.09800070420253103,0.09812983852861568,0.09983832302534205,0.1013816036785668,0.10131400608473853,0.10024383412107143,0.09873433335396609,0.09845452459807748,0.09921441318030456,0.09671458143065598,0.0971501118283755,0.10020793370550965,0.10013572503185061,0.10031003917750582,0.09980466644204405,0.10049162933716264,0.10226105335291474,0.10354258790167226,0.10255112349181082,0.10043366362836353,0.09995908563318215,0.1020128928352245,0.10362798561893291,0.10316262203646576,0.10493224599582235,0.10417365148548917,0.10671960110530092,0.10561503218079622,0.10517560311240076,0.1070059812654494,0.10749773564493957,0.1084223850098578,0.10568190163826298,0.10276228601489197,0.10441674292556527,0.10454360063638533,0.10225247459970266,0.10120689088639857,0.09866796113516367,0.09766679175333602,0.09805175223231048,0.09828160233290079,0.09686623756043983,0.09734594701385509,0.09749946700473747,0.09729092221682274,0.09524792458114524,0.09799865798776923,0.09826534214232821,0.09790594517144852,0.09923772476039171,0.09849821635959723,0.09984990934292527,0.10285454420638931,0.10322006555728928,0.10230563367514295,0.10090981585408393,0.09983947362014871,0.09863387083614025,0.09836243795621634,0.09777083975911596,0.09773208539901165,0.09570479969021788,0.09471724240093278,0.09570815408718111,0.09684354638482638,0.09671626125282361,0.09351586866871393,0.09283894585138422,0.09339679489492679,0.09291330688195179,0.09315763024342556,0.0947742294186507,0.09529883903997712,0.09309761068914037,0.09611956346646916,0.09579989265770157,0.09356265782520115,0.09566825856418251,0.09510037302139437,0.09499585744170586,0.0916218367186918,0.0929514390124366,0.09599274800956398,0.09591421199168561,0.0975408773459146,0.09370685290827381,0.0907168213341911,0.08955861292105075,0.08750316343656374,0.08563523577723002,0.08550883474226781,0.08601975967419173,0.08471852793265772,0.08506732848756798,0.08378004682660216,0.08389516251384732,0.08352958832861573,0.0833418923577234,0.08665443983221024,0.0856230722322689,0.08625825047036267,0.08639414675341975,0.08821731588641324,0.08874490702622646,0.09059175762736667,0.09034011202920528,0.08914971982231623,0.08908623141743063,0.09144339346252202,0.09028344873912773,0.08972557908178873,0.08973618839288583,0.09116486713445653,0.09218062441475412,0.09326256088243508,0.09251797127084928,0.09255208656486635,0.09557027815721834,0.09536240880656278,0.09441887441441094,0.09456889033349146,0.09429253719074503,0.09249525047360636,0.09258679961711413,0.09398079478669928,0.09605150153484023,0.09697510514829444,0.09547296365740136,0.09383269768199339,0.09488691108398696,0.09114916758448482,0.09220013786172764,0.09282685358851955,0.09357429494577305,0.09448055116486571,0.09415594683863557,0.09318891562761784,0.09179693438386978,0.09299600376776695,0.09244517953747167,0.09282127322902721,0.0946359347986399,0.09460504421472372,0.09378113549471616,0.09489028473675329,0.09438322568097117,0.09308176502869957,0.09217983199164032,0.09207740514871053,0.09260492477888395,0.09183243969076939,0.09297382688378518,0.09228123265595038,0.09292914637006679,0.0927601317698594,0.09221936859049128,0.09217690309841788,0.09242630357322337,0.09184314782496562,0.08976491470865605,0.08703215599925886,0.08546220444712616,0.0872631219459865,0.08940600772230425,0.09022547562752944,0.0922936545803236,0.08811729534393438,0.08758253258744415,0.08875628643869937,0.08892255412255448,0.08971528706023923,0.08873914363148966,0.08743722313009603,0.08703875135512121,0.08644248900512679,0.08698139183725072,0.08698557291687009,0.08572625677884234,0.0863520345763276,0.08806686582156441,0.08682481291887387,0.08502223414427779,0.08721768378681316,0.08642939209634051,0.08858140762525638,0.0874214131321275,0.08834047793440479,0.08961987534906006,0.09031202522886451,0.09226553506139494,0.09187935245576982,0.09402690295517085,0.09189718838384713,0.09434878314055777,0.09490072678009978,0.09634667580470892,0.0950075572123644,0.09358911388949989,0.09365615916911646,0.09232160510797621,0.09411161455560486,0.09256284713315949,0.09130838713400584,0.09346769177925195,0.09140064976988124,0.09070735989864583,0.0913307864267106,0.09138823264855431,0.0911771889556199,0.09139461969792186,0.09245895254495103,0.0928696070085142,0.09081849970183205,0.09147030230153819,0.0907789358798535,0.0947957201426479,0.09589061246995403,0.09735384752806557,0.09659576908619495,0.09529179002164798,0.0945450960808777,0.09129731067710407,0.09344572422309037,0.09742303175820143,0.09905391413915485,0.10144203575976887,0.10445671010103508,0.10451985314904956,0.10255367382537338,0.10466759775127138,0.10266514551148419,0.10204951119401151,0.10143026287807434,0.10188907717673898,0.1017883893049425,0.10345910445994112,0.10240627058047556,0.10069080991307809,0.09863749920147459,0.10137381138443394,0.09958084763469185,0.09732916092644782,0.0956516938197534,0.09687262435905898,0.09681689785912256,0.09815243335866451,0.10038422602967621,0.09879582254520546,0.09757148734818852,0.09467295074331515,0.09290044422610048,0.09245844080666263,0.09486250102838925,0.09787141012663997,0.10082985787370313,0.0977295686153273,0.09893746827916897,0.09992294077248534,0.10046135081761581,0.10095339331720309,0.09809272491623423,0.09933788872623404,0.10032901101118663,0.10010098759672667,0.09773485284175497,0.0991394919456941,0.09978110403595031,0.09897001535962698,0.09807152425689855,0.09697166535032413,0.09857122529034527,0.09613475448862674,0.09595712261160742,0.09447811708492035,0.09517269751418253,0.09652050989297424,0.09730359345284906,0.09627424072607055,0.09461389073155266,0.09769234676484535,0.09779268332836866,0.09945520512133253,0.1009983799038609,0.09934444219415488,0.10054305394293672,0.10034845821384158,0.09843153857652925,0.09819257865907412,0.09843087126242801,0.10028117823326943,0.09557851357221926,0.0975325635461598,0.10015000627937376,0.09648457071635946,0.09763628425345162,0.09675730059773707,0.09537766054145969,0.0971160245798182,0.09764023850213378,0.09542840009682817,0.09725892174825203,0.09759153444671828,0.0970118072655721,0.09644838502435221,0.09834133575394077,0.09628709990109305,0.09844382193368328,0.09600167208742089,0.0939473329244558,0.09443773056706296,0.09360362559436813,0.0941057340176933,0.09513961050654558,0.09326124793184412,0.09279668737625874,0.09437109040598436,0.09502880477325883,0.09210010457122336,0.09279871536362712,0.09452534744413743,0.09162681380606365,0.09380120743342514,0.091465884404403,0.09180001865098135,0.09449208702949274,0.09393681360552553,0.0954049172430652,0.10098786242272113,0.10229440011359534,0.09908209399721278,0.09772366186381864,0.0967259928822953,0.09316747531104333,0.09247783363591443,0.09274969284965195,0.09300538913445568,0.09167834326748531,0.09182697422997571,0.08962219355406202,0.08822140529732658,0.08798912668014884,0.08294254260554199,0.08152469724691999,0.08187361128549138,0.08316405280760117,0.08144648525291438,0.07972419691711204,0.08174142344537906,0.0839774808819233,0.08295531153556368,0.08498720972629618,0.08481346680166302,0.08587502092517768,0.08385818782092774,0.08949364557668829,0.09225899536439414,0.09150439333105449,0.09293759608318039,0.09048938211798173,0.088562608627197,0.08687842488866616,0.08627009450145379,0.0884632628845509,0.08711654145983509,0.08725200929267231,0.08920282180393169,0.09059425806363308,0.09203756514260857,0.09423118060072974,0.09602326543060972,0.0942228194183515,0.09261685015116324,0.09197730552286056,0.09135947996651737,0.09040934034461894,0.08848807374707633,0.08971072729776751,0.08700314691004805,0.0876130031516318,0.08550419659098128,0.08444499299343602,0.0808161906136981,0.0827502630710343,0.08017149811974095,0.0771767557398205,0.07713430264729408,0.07615481072078109,0.07632521824100619,0.07703453673267513,0.07631549532782739,0.07629920305058575,0.07923032888407715,0.08085690882554195,0.0775563463371901,0.07897521527164329,0.07902234030083763,0.0771454128530605,0.07471485239284063,0.07583765480826245,0.07544305374382032,0.07476659207441046,0.07693216920125902,0.077930170680094,0.07765513870603666,0.07874900028385687,0.0814946960311624,0.08139318690297673,0.08294924744397238,0.0849921083364086,0.08435909113910098,0.08227667066201158,0.08132044541739056,0.08002363825400559,0.08198673805132925,0.08436714532492628,0.0851119085915552,0.085021235919873,0.08371341151783289,0.08416039753447704,0.07988013671623728,0.08003671488713264,0.07840652370579534,0.0750653350723431,0.0720154816993189,0.07239274853522817,0.07259126320266475,0.07358270489219368,0.0741921159641993,0.07706396940285268,0.07355048772477721,0.07147529249859726,0.0744083736818239,0.07649571152556373,0.07628772845915784,0.07689940035582693,0.07595623558679841,0.07735407574011058,0.07628131967129378,0.07689131252820443,0.07700077627478182,0.07981328464458774,0.08148042795560323,0.08200263398124041,0.0814822704445112,0.08137369701946412,0.08197330390863355,0.08049819194462403,0.0810547852525959,0.07934755795093715,0.07727112653796966,0.0787281643490745,0.08033439969103108,0.07957648312208047,0.08044861529282411,0.08193375854153985,0.08396125938293844,0.08161182736598852,0.07980492237517452,0.07914695116407014,0.0794003488598715,0.0777635270023742,0.07405879550133354,0.07122576860918522,0.07086799223790698,0.06882189488557294,0.0683705723543051,0.06804741251152727,0.06799283876743811,0.06918464369366575,0.06745036913960774,0.06640574343846715,0.06935621604682435,0.0701769524217745,0.0710604444069502,0.06981180471384875,0.07165202871890904,0.072497350683369,0.07250005337943011,0.07644437763337468,0.08026983117648935,0.07895507716646863,0.07951678787626949,0.07981335630694927,0.08018044903043509,0.07913167155918535,0.07919742166455031,0.07876997854544389,0.07767798005183088,0.07713245060670415,0.07670206855121542,0.07727601394517061,0.07706994163264862,0.07570533077765364,0.07636708528215666,0.07522592498800401,0.07862857751126325,0.08097250337812191,0.0791583191471281,0.0790048316273112,0.07929137120697535,0.0785507218763684,0.07685213593124109,0.07805111189097666,0.07650801487752877,0.07665298001882798,0.0775700522600098,0.08136735181327678,0.08185083552832378,0.08174953859728083,0.07833494198865278,0.0764240113896501,0.07691983184112895,0.07814859333485877,0.07835278867837761,0.08003685524091718,0.08078882938214317,0.08093263831034601,0.07949189490158796,0.07996540492511996,0.08464868086153406,0.08017186084286941,0.08136704116290593,0.08145269383247408,0.08417283208603715,0.0816959885553608,0.07806546873371063,0.0744178498342759,0.07432734733625593,0.0739543480290078,0.07366014456441848,0.07457285483267172,0.07457794012576023,0.07595403339702239,0.07504215124681797,0.07479457926848986,0.07285696343510385,0.07253998831083647,0.07301703802928833,0.07228255066870998,0.07250985597608219,0.07494612204713359
0.08801365233704182,0.08650350033476832,0.08648997415199744,0.0864328781017761,0.08546049408561657,0.08891627970324936,0.08949741745110576,0.09116268319132038,0.0924260758376154,0.09320829546084668,0.0934043966382713,0.09451505891613386,0.09267407948899263,0.09371781083757125,0.09312786963730471,0.09210711080617853,0.09473429482482068,0.09442062222633783,0.09566068758611818,0.09639892259605563,0.09798657983955106,0.09847684102604753,0.09836504504004433,0.09841774063100545,0.1007338829540548,0.1010177541738607,0.10001292484494298,0.09873952995652414,0.10181610672707476,0.10165008382362668,0.10073608705822075,0.10337314959281255,0.1024167499915255,0.10112573249479918,0.1048461585542714,0.10489598917825381,0.10582935351470185,0.10639395211757231,0.10376603285318053,0.10186140848586944,0.10191044890250395,0.10212203662258305,0.10133248730509276,0.10234300118159377,0.10101180003247938,0.10224402659694119,0.10200283505053992,0.10112044943908112,0.10135687066437697,0.10142991087287502,0.1018721589338841,0.10162208313037832,0.10225143979408108,0.10243671770462309,0.10237077719526433,0.10094800523168303,0.10135178859462242,0.10291609239984098,0.10377431769384145,0.10443717279651549,0.1044447017474141,0.1054935736835254,0.10798777049887465,0.11037422007687227,0.11187451588814643,0.11367001607326258,0.1147858164123362,0.11525303021818312,0.11508601011048535,0.11450763027722655,0.11484802619814198,0.11712976103402103,0.11883792413622564,0.12153795871085242,0.12209135212751235,0.12345370307505427,0.12464407638003769,0.12441047628940813,0.12520527715468252,0.1257429858148949,0.12759551931952082,0.12819712322586735,0.1290305943267829,0.12933275693849994,0.12830969110674897,0.1285706607053736,0.12784030734503177,0.12770097571244776,0.12796493363511927,0.12857277248932258,0.12857088849069415,0.12938248422578977,0.12947346862840767,0.12805606701213956,0.1279389096860755,0.12738550839512247,0.1261724314291897,0.12752732085380208,0.12690992834390538,0.1276056580736715,0.1278893499289342,0.12806636714264272,0.12707556849567625,0.12644498204876284,0.1261642840738458,0.12598660628816213,0.125776233405464,0.12622311455242508,0.12644315578157653,0.12684223057739652,0.1273998530727751,0.12754836761521446,0.12699963105257805,0.1272426135002328,0.12735500144027362,0.12787709550406332,0.12799872657697958,0.1275288568389938,0.12864387914585568,0.12799663172307743,0.12816829985788933,0.1284668293247055,0.12773124555719395,0.1277068379339945,0.1265430194594874,0.12646495431518318,0.12585931626116797,0.12601188558059565,0.1256730337455031,0.12573547079563663,0.1257220264523902,0.12579562739518388,0.12537609345330078,0.12518412711859842,0.1251892956044344,0.12514526668306242,0.12509154844039044,0.12516062148331517,0.12503840187527962,0.12507959076663253,0.12517463626807307,0.12536414087223569,0.12493608714931476,0.1249456882752859,0.12499519191619896,0.12537755140371964,0.12511649281776915,0.12545099707264842,0.12512366463020358,0.12531875929953634,0.12517484850181768,0.12521573754142012,0.12530642585896293,0.12534051077326983,0.12544205554077303,0.12543109659838259,0.12546968752358567,0.1253262142904807,0.12529332163017529,0.12512144936675906,0.12509184037260276,0.12500483120390904,0.12489427514074697,0.12471088549333369,0.12500560561927085,0.12491468741479295,0.12484739864492385,0.12496755241758,0.12504481846514048,0.12516425853086346,0.1252756332106848,0.1253966353053534,0.12520327291443228,0.12515449865141645,0.12517997033388503,0.12516742382012466,0.12508273880649293,0.12516769280174603,0.12519758636477296,0.12516340566303497,0.12521739351783528,0.125298837022197,0.12521972343208965,0.1251575100617555,0.1252196615681746,0.12521983121985092,0.12520204012317304,0.12521258973715532,0.12520564455110436,0.12517693128616716,0.1252320688821841,0.125331524566624,0.12514883927777498,0.12518166020471855,0.1251813119663806,0.12513487188662345,0.12512248947121943,0.12512199547406003,0.12507855906722914,0.1251363664677471,0.12515128546280135,0.12520321967479422,0.1251704338699758,0.1250375426862891,0.1250665585999169,0.12507533763375012,0.12510234891380637,0.12510812131565976,0.12511109548724622,0.12517881008972304,0.12517282191455,0.12527394673578146,0.12533980176164672,0.12534490620164151,0.1253205861864679,0.12539668621473016,0.12540393964044563,0.12549465490748762,0.12556187540512817,0.12543659405080299,0.12550175610287023,0.12559113432084584,0.12548953727622922,0.1254242722190012,0.1255854252638093,0.125471219738026,0.1257737749836774,0.12573185400568876,0.1259740144863356,0.12606687257005417,0.12600632970466902,0.12638858863192048,0.1267827868649908,0.12690657620062062,0.12761314765701454,0.12767741422036616,0.12800163055920696,0.12824708441832672,0.12823171398628413,0.12801105979750754,0.12786789584585184,0.1276694461523915,0.12784618982644563,0.1283080728665815,0.1285854086983644,0.1284171412796724,0.129052998669932,0.12946129502078343,0.1297616876064045,0.12943721945051456,0.12981249280187585,0.130084507128171,0.13044846207379004,0.129969687054062,0.13032332945131778,0.13078416398613704,0.13177626435893616,0.1318032796082553,0.13213607837941915,0.13220778823595233,0.13261163175188018,0.13226058402669671,0.13257715322669775,0.13314783208075665,0.13303058024427938,0.13381701924779904,0.13303312321479716,0.1326920883242208,0.13350457901611257,0.1339859498214116,0.13422691819086213,0.13424227569446553,0.1344665723097199,0.13415729507241417,0.13341621304430837,0.1330815304688409,0.13355905744108792,0.13328204187254897,0.13439898578090456,0.13310762704938178,0.132451325221837,0.1325920734198506,0.1324572158481747,0.1321203040832217,0.1333305981132702,0.132919887852338,0.13338664500630798,0.1335925185694524,0.1347189406931064,0.1346402575796709,0.1355550810917053,0.13614512449419805,0.1363439269115673,0.13572392807133724,0.1374354577212442,0.13670750520270036,0.1372110481165557,0.13693471241167812,0.13708801896969963,0.13835959505052106,0.13849520901091808,0.13788098380399316,0.13767348314375452,0.13782658842685871,0.138702176096002,0.13835207452244858,0.1390953765029062,0.1384949505519878,0.1393803637134309,0.1391957825090585,0.13902237342465515,0.13942682246522226,0.14174759865379388,0.14224365807660977,0.1418400077840637,0.14222920904725078,0.14164426879789968,0.14239300098568614,0.1417039164937396,0.14187120549537396,0.1403279653033292,0.13993202916819464,0.14160334951065762,0.1420596643397534,0.1411320311617999,0.14036666136560616,0.14103496375549385,0.14033764854879577,0.14005005416138824,0.13997293020036558,0.14043058323075763,0.1394920777379901,0.13921922227671713,0.1395778040976029,0.14063915041641353,0.1403237698440341,0.143517870266651,0.1420462486155875,0.14245422794985924,0.1427198268658438,0.1410768653184396,0.14110082840669913,0.1409118109748138,0.14032992277225786,0.14127014983676725,0.14210749341422863,0.14236646860059246,0.1415364752548692,0.14019625252089696,0.1399990362367229,0.1405338179283307,0.14107767108999267,0.14072171154292032,0.14317679196704816,0.14336658612570902,0.14354578558449238,0.14326725440096977,0.1454490602522887,0.14583811203430933,0.146142562604945,0.14576810548183533,0.14720047402218048,0.1476497121508328,0.14776825030064927,0.14944236850863635,0.1505754330145144,0.1514320876071389,0.15180720034190184,0.14931046534447698,0.15154764061271705,0.15027047145202393,0.1494052178843894,0.1499152448132216,0.15132256078738526,0.15036135072522053,0.15174996897113335,0.15185670727138723,0.15418939256766387,0.1546429997599545,0.15510907416684894,0.15397760923211182,0.15478819538957705,0.1539171690419958,0.15439152055425423,0.15441997969048732,0.15572425215613706,0.1562798448276829,0.1566058555363016,0.15924671394667658,0.15845160390800145,0.16089161996062773,0.1608788493973362,0.16069998091714863,0.15862249294957986,0.1577159278104937,0.16036208364692708,0.161890867005892,0.161715325251944,0.1625390993439802,0.16401234265367307,0.16579902727642967,0.1675779746547927,0.1691713527479617,0.16878595097898558,0.16779852329782124,0.17199919730301286,0.17282323265462066,0.17286184551104555,0.17333659427670636,0.17360497594275348,0.17461957409431622,0.17780107361460712,0.17710206758554892,0.1781361080603097,0.1803321823770764,0.1780327628571628,0.17798149779441938,0.17933328323106898,0.1819940240123713,0.18120448717332993,0.1797669928130842,0.17993601676005683,0.18215668370631793,0.18046142387837405,0.18259683675749552,0.1860816156593132,0.18707720867639416,0.1886479425641019,0.1892425738529543,0.19028458632622453,0.1900757849099876,0.18810459254453268,0.1884654093263855,0.18861889972287485,0.18876063728285764,0.1912441091243775,0.19340139894702219,0.1959743156218224,0.1954662472609054,0.19419980167965073,0.19605042664054012,0.19612573178286538,0.19581077201742125,0.19558170562888263,0.19434992404941542,0.1941938791176797,0.1947637032406821,0.193270074752586,0.1951468887185031,0.195918477613075,0.19598717509445937,0.19828686499774656,0.19822338410198972,0.19973876719147796,0.20226732308047196,0.20270637042434,0.20635420697608217,0.20777559550970515,0.2089115615470719,0.2079253870991304,0.2087193436812338,0.20937259654483692,0.20912822128300346,0.20662641525869535,0.206177797530141,0.20608865612475555,0.2046126963872351,0.20178369357505235,0.20120810081368187,0.2001210622449038,0.20105894719085382,0.20260723061435948,0.20257311408136974,0.20493502125705024,0.20394716915323524,0.20510291374083858,0.20337508487143827,0.20460270589728768,0.2048843093676167,0.20674894096990862,0.20685388175040817,0.20809153350401208,0.20714856571319737,0.20741902011752647,0.20955786081762862,0.2105482820045277,0.20915567770836233,0.20849631289299644,0.2095768359036226,0.21020720237812923,0.2117176250529851,0.21217552822397232,0.21218308627368476,0.21134698857547352,0.21345423582211148,0.21598389612376795,0.21575050070620205,0.21401038426263605,0.21630903926589412,0.2157711167988023,0.21683246779487012,0.21770345677077527,0.21771835675616263,0.21667806833658151,0.21768722885693112,0.21594450506125626,0.21544361197684175,0.21643372519606513,0.21819404231187664,0.2199014251932946,0.21828910093682416,0.21701897979336368,0.21753125365563078,0.21927333052805775,0.2208424748348794,0.21993785909878233,0.22153345659201984,0.22188951884942043,0.2250961288392917,0.2276789714276747,0.2279255077734386,0.2276863964388904,0.22701626128661517,0.22614699273334146,0.2248696144590051,0.22839801290117642,0.23065407445285482,0.23074831299808335,0.23248197190580622,0.2337370528521576,0.2362363381318578,0.23672964214619488,0.23477512090422206,0.2359044287137919,0.2363843504374158,0.2364587722073665,0.23558386288863356,0.23477390353030586,0.2334234249837202,0.23553899373366466,0.23598806794069296,0.23686239037569645,0.23514842976497566,0.23539706554767875,0.23600844023464976,0.2352813389273744,0.23677185189799918,0.2373442673531071,0.23517247557553447,0.2386800192935117,0.23683696150926156,0.2379840534311569,0.2398823063077714,0.23887791733952357,0.23951038326289692,0.24243953346324762,0.24578762575176094,0.2449440247545815,0.24351763137955845,0.2464075476479845,0.24679784067609326,0.24838953009305353,0.2496645711804814,0.24916784609144216,0.2501393066470973,0.2495114182844843,0.2520471738635351,0.2532764665839494,0.2534946801399507,0.2546818341915466,0.2534119913176458,0.25284524770540895,0.2539560024043034,0.25349790192884836,0.25405073043266035,0.25274250456726993,0.2534668242659127,0.25491045557915354,0.2549644575882613,0.25916869101322587,0.260350192492562,0.25885715861548175,0.2591804989300005,0.2608419331933757,0.26096894390495,0.2580980517349045,0.2599986425675824,0.2630168131192711,0.2637964126477544,0.2652552764662007,0.26827239837761224,0.269545714645723,0.2718403264191395,0.2717527267335286,0.2721132163806389,0.27111300743519257,0.272567540920228,0.2718057168409638,0.2700622871791364,0.27168250272762356,0.27143213160348606,0.27270771067775773,0.27138057146692107,0.27201770646662543,0.27315169983725374,0.27509394577017043,0.27673744748215445,0.2773018012008287,0.2756548444472563,0.2771865826051064,0.27802734873255774,0.27828445775186234,0.27950464931903896,0.27958709378327634,0.2794288271762922,0.2761855732274686,0.28091463446716153,0.28091927655753735,0.28125128473400834,0.279194399302411,0.2806924087907372,0.27937137283136587,0.2781536093286108,0.27735851902020053,0.27417636826545866,0.27544365465879195,0.2757679636434503,0.2749679249857555,0.2765850944565623,0.2801648816131719,0.27833873052564695,0.27703211694575774,0.2756383943373982,0.2801309087953624,0.28171182576084697,0.28197503963802245,0.2842250307744334,0.28341565496037235,0.2840022252967121,0.2887336184202778,0.28796879212810134,0.2906036755169829,0.29378515173847836,0.29274277739852766,0.2937319906190443,0.29419382635008295,0.2950647891123403,0.29175147153395714,0.28796120970239597,0.28991475099408404,0.28987394075713185,0.2906481520865379,0.29062795411967013,0.2930783531458275,0.29474936906210764,0.2961580110389459,0.29826616632106573,0.2993943117740016,0.29825971829617215,0.2940392165330227,0.2915802608649022,0.2916977027006511,0.2951858316973745,0.2955480986291483,0.29841373790685316,0.2996271351827659,0.30312947486133524,0.3043210459396233,0.30426705024176676,0.30302070338267423,0.3046932848756697,0.3061074790983153,0.30782260111500287,0.30999384159368687,0.3118127908978148,0.3106117932200023,0.3098710732308115,0.3111600102365958,0.3139706353166554,0.3127081192432909,0.31564208964511803,0.3137353935923059,0.3187938493131028,0.31751065449184834,0.3150400040694217,0.3168436085676726,0.31605036006386966,0.3165018527803815,0.3174174521553622,0.31681420667965826,0.31690873899569694,0.3180843358815053,0.3174186436652041,0.318048878098979,0.3206759089784946,0.3236855321180175,0.32317411688975256,0.32099515329657763,0.3194830599416212,0.31949968393757117,0.3187386447828332,0.3163098395126457,0.3146622286008706,0.3168667128315868,0.3152603231866523,0.3162151647159764,0.3149004148340983,0.3172297491524983,0.3206255509677065,0.3217369731726344,0.3214956128219776,0.32023818024488554,0.3231726487885665,0.32486716496912826,0.3246173441458453,0.3270671624519636,0.32663956421289386,0.32768581429102434,0.32997999753923274,0.3361128387678107,0.33601421974730983,0.3404061202736595,0.3378462088397696,0.33916287642315224,0.3376948312793208,0.33715599037144656,0.33798731160778084,0.3365359551315123,0.33698405672255993,0.3365463857490581,0.3336872656436586,0.3345897902650489,0.3345430873299937,0.3381111394456076,0.3368594195518764,0.3373061063401237,0.3386704326483701,0.3364891839742449,0.33611499252989374,0.33735921742790026,0.3371039746495699,0.33893744573066625,0.3421094213369936,0.345040420900798,0.347118213532778,0.34555341044238985,0.34256736537516635,0.3388452284806345,0.33496507718446195,0.3368593139990333,0.33508439884808744,0.33567222049839,0.3370635998403063,0.3376976528873674,0.33487016399533154,0.33608652339587797,0.33453748037566716,0.33524072705411695,0.33295974183661203,0.3344612887649008,0.33517176935358717,0.33370852359234393,0.3334652087215598,0.3337982443150163,0.3351631608167148,0.33268726196969667,0.3318766982862725,0.33121516156953484,0.33432134450573125,0.3346176068458476,0.3336282387626763,0.33536923738764396,0.3354854389547134,0.33245061366602874,0.33264067669196334,0.3355267184700485,0.3396880751141975,0.33786128963422174,0.336521452035143,0.3368378940276245,0.33928531483079444,0.34008912110132683,0.34100613734954244,0.33729408151302537,0.33780648758889703,0.3360184176101136,0.3354793616814456,0.33571491640262785,0.3384652708554494,0.3366588410610038,0.33495666254164375,0.3368596003873644,0.34047008376444254,0.34027644271518026,0.3446499293206777,0.34258235030829354,0.3399990908732989,0.342317464882074,0.3439997634984816,0.34581623301984893,0.3470912211490834,0.3499798904175524,0.3442204250943117,0.34501042859673065,0.3458607487507602,0.3449727229715965,0.3421566367319282,0.34239001609159486,0.34583325495732764,0.3470728678144599,0.3498839212574814,0.3496265419147776,0.34632381033546034,0.34741786409493913,0.3496640720896352,0.352880213576956,0.35427933212716445,0.3551374070600184,0.35315405752033363,0.35410832281073973,0.35353393445195974,0.3560742418245277,0.35664092854753643,0.35202726175798055,0.35061967101037245,0.3521546272592458,0.35025250359457516,0.3543910565016302,0.3567799539342477,0.3569990542458033,0.3592953528247568,0.35762738636649066,0.35899294420787503,0.36352041695068515,0.36234395522335305,0.35981219156647987,0.3596034285127175,0.36237395707098485,0.36222136463766974,0.36306531142386006,0.3634570080284215,0.36423232122431815,0.36705375878269275,0.36465147227482686,0.3649155258051045,0.36308615535742556,0.36176422260940677,0.36413763623900125,0.3673782066722607,0.3686371519024158,0.3698452274561523,0.3705004836031663,0.36973436047963276,0.36835149651414867,0.3674033751946964,0.3676991501410417,0.3674057548788647,0.3665687202383983,0.36706094817007595,0.3650509585143499,0.36661675229261015,0.3673048409137651,0.36951629354205684,0.3699609478984853,0.3715581791924387,0.37220086594491697,0.3706881690103014,0.3716873102914139,0.3752838961942166,0.37768209790392604,0.37970062058296344,0.37719211000107156,0.3744162301102085,0.372711706032118,0.3748762386072741,0.37510372932212904,0.3745770655700024,0.3747799188332956,0.37523307017956137,0.37521821522774507,0.3755916233145097,0.37705885976147324,0.3740029971382647,0.37467166015889136,0.37583205687196214,0.37667741444066327,0.37464747795914405,0.37436944437690256,0.37048344672392247,0.3689252431331487,0.37174522096471535,0.37312343762619093,0.37356235824118594,0.3744738440265953,0.3750390097814655,0.37755034456998166,0.38250863245215955,0.3817971323891232,0.37860617704362276,0.3788005835755823,0.3804102649547263,0.3827779413285461,0.38105217328333857,0.3819624171243147,0.3797971069443415,0.3767330059058971,0.3752373361060454,0.37949433199492405,0.3775908189597631,0.37751313136221654,0.3796697954471226,0.38283952981069935,0.38466129100980856,0.3849175347553626,0.38229386626867895,0.38506000143474367,0.38371606694285665,0.3831348567173042,0.3860648766757685,0.3878352117104547,0.3863926790468466,0.38351818926582465,0.3853696936649169,0.38567883000192743,0.3882266040983412,0.38952725249386155,0.3910311892809155,0.3905918937130106,0.38792368352694717,0.3855561575479458,0.38418788509027507,0.38815006716578543,0.3858885724202213,0.38701327743774067,0.3870014514476338,0.38760191791814763,0.3879802660872072,0.38711259400565945,0.38755888130631916,0.3887029641766891,0.3882592338693456,0.38643115454458365,0.38811504491676685,0.38622342610225613,0.38703854371835583,0.3891448656426876,0.3868172929776465,0.38665628737881297,0.3867031586079449,0.3870849245331243,0.3866820614902408,0.38477454476517126,0.38329832285733906,0.38817089036750874,0.3903797650466492,0.3892537578620039,0.38843678121594843,0.3899381069337998,0.3917601254148847,0.39334856691842224,0.39271431578238086,0.3927796087629421,0.39578459453589077,0.39370837822874494,0.3969228516191782,0.3954145073262638,0.39267734139985483,0.3925617682587636,0.39328065331758766,0.39674810970367064,0.3977367978415257,0.3989510858358494,0.40190018300867597,0.39991602002801085,0.39900447835620606,0.40045073205880954,0.4006751683811749,0.4003030012353934,0.3995440701432615,0.3991888126151567,0.3988598939612983,0.39967321391002825,0.3999660704584754,0.40274718420066774,0.40471007497508393,0.40638137350568804,0.4077290720401114,0.40687167296933247,0.40549032800254703,0.40365586314755947,0.40395851916295683,0.40339353788008353,0.3999906940865417,0.40337867881687395,0.4056416047808156,0.4061744920190414,0.4058515129303049,0.40313382375245754,0.40165148401595646,0.40101650343741646
0.08078083534179527,0.08128806234989135,0.07951326894416233,0.08054573977618006,0.08010658545720496,0.0817214298222226,0.08493649738010926,0.08598570969134738,0.08852416197829677,0.08995287494279733,0.0920411121273977,0.09175462551126591,0.09324222553841933,0.09258828305418763,0.09604719572517763,0.09658700699953454,0.09659576177470512,0.10000611599172247,0.10281198839704868,0.10387863561770909,0.10493407475627511,0.10587778217404999,0.10736494266044548,0.10593673882787481,0.10973634889655084,0.10801709571005695,0.11018768823567276,0.11496035063862665,0.11765414245337011,0.11904278541708513,0.12013718985932519,0.1206372874645209,0.1222362865320283,0.12149003488308922,0.12331226635601109,0.1253587101172516,0.12445035410185984,0.12477625132940964,0.12922164608522843,0.13299521738250975,0.13491526488039166,0.1363984955816678,0.13844128885869145,0.13841833098804582,0.13900362757658402,0.1426947089653266,0.1444502676980256,0.14226104889443958,0.14256428901028262,0.14388077657506346,0.1459053109972961,0.14820893088523773,0.15164955457760448,0.15276150536943525,0.15574341133118808,0.1584198913913431,0.16066116060468197,0.16129120863140606,0.16330724347331607,0.16699882650606684,0.16860178824829825,0.16895500796067814,0.1690261479613173,0.17002689702428003,0.17252382762087984,0.17536647500405195,0.177788592004567,0.17817070026632414,0.17839923924033144,0.1798301185946432,0.1793876594683211,0.18196868188085272,0.18286303922017386,0.18443160578965828,0.18306143919161177,0.18388035464406557,0.18527090697362048,0.18648541002360802,0.19052665255708523,0.19118926761823393,0.1905135832002018,0.19214700583956695,0.19328276178723708,0.1930543434787209,0.19342576000727868,0.19324316497202043,0.19503042035130475,0.19508569431434417,0.19448755159370928,0.1937600593186014,0.19268026803396585,0.1928758008491946,0.1937289170684104,0.19489417019805558,0.1942680635027375,0.1935735520645245,0.19253089442459345,0.19280659853631307,0.19178062643555244,0.1908916710087559,0.19090302620211855,0.19008443257026542,0.19011708633079352,0.18913348667630064,0.1883241368452084,0.1891807918264924,0.18877429168304688,0.1897108525674728,0.18941554976710806,0.18984756200400166,0.19068352336489433,0.1910921180838179,0.19077464479861309,0.19066631315808671,0.18999796861214288,0.1902507680975253,0.18955104329920197,0.1893933688899013,0.18868112296514888,0.1887496632155925,0.18783777232124213,0.1878581055144895,0.1880756930559006,0.18795236601432508,0.1877391531269782,0.1881059647551268,0.18840194767895357,0.1887670508999104,0.18862921529490784,0.18871355286322658,0.1887633633486535,0.18844097922981629,0.18799024535276704,0.18724971771160054,0.18705798158216563,0.18752215816725393,0.18729773165913616,0.18760051499800695,0.18800792257190313,0.18808085230183738,0.18834550304859282,0.18817661799406207,0.1878635874923139,0.1879812745304738,0.18799806666540916,0.18809400221219344,0.18831888630250712,0.1886025658686846,0.18830947297461273,0.1884961502709099,0.18839421229480885,0.1884197371431848,0.18853669567478384,0.18849478528358143,0.188045574387455,0.18772589591091116,0.18747655655186915,0.1876197590249393,0.18747021602413408,0.18744238149905132,0.1872213729376303,0.18725531910068344,0.18749390565579463,0.18751460906838854,0.18742595165737128,0.18728077831611498,0.1872711952061886,0.18720495313351684,0.1872509162168564,0.18744952173494508,0.18728385891120522,0.1873784899469624,0.18748900548041714,0.18767423284591495,0.18763476786289057,0.18760125593291893,0.18758676144481384,0.18750356419151434,0.18746117662021575,0.18739857975663626,0.18750717599720815,0.18757469662075463,0.18759053466066103,0.1874345186849775,0.18739365092857593,0.1872927418383467,0.187206524375414,0.1873548255220227,0.1873693979314187,0.18728458068199622,0.1872843106399081,0.18733319949411328,0.1873982565652199,0.18738070831029924,0.18733172668724854,0.1873776245318831,0.18739737018445898,0.18739641597157586,0.18734815999999746,0.18729455712806498,0.18725712673557737,0.18730783859834282,0.18725546366273169,0.18724638971092872,0.18737619153164042,0.18744028951704703,0.18748591186779426,0.18752773464052955,0.18757799156078228,0.18759089791358474,0.18750828260064917,0.18748234078769077,0.1875733151315241,0.1875573280007767,0.18763552910591216,0.18765996966930293,0.18759894833022922,0.1876377242695143,0.1877238819793016,0.18755269776391098,0.18770396506683937,0.18776344880003765,0.18776461472098296,0.1876023989824321,0.18769823079881578,0.1876725268489087,0.18781361595964408,0.18803664445489013,0.18811198403251095,0.1883798831204399,0.1881767763516918,0.18823685536112933,0.18841292332468476,0.1888548153275725,0.18870721273505464,0.18856927785193492,0.18853812887182853,0.18883736505681234,0.18890999164928995,0.18884359685796745,0.1889636378433142,0.18865606289906567,0.18912579813410357,0.1895063978556213,0.18951497573130852,0.18966129467417084,0.18997826879426824,0.19052523606301328,0.19121559300697352,0.19111453835810388,0.19158948116077767,0.19098207841677234,0.19103040231870558,0.19109184284001465,0.19119933319062754,0.1914207510349031,0.19137833335143614,0.1913015155246096,0.1915717704781554,0.192467487802513,0.19263702268092606,0.19280471094762128,0.19245228980991588,0.19286626396093218,0.1934736820142239,0.19358251011759997,0.19278191891934798,0.19228393109174924,0.1929147886065171,0.19346767038015014,0.19417158570124818,0.19451057549549208,0.19533032198438435,0.19581779329032453,0.196161695461963,0.19634128084351266,0.1960957305723622,0.1962755154894798,0.19687602729083836,0.19643214144788448,0.19660167842846243,0.19607771378676755,0.19616388297404364,0.19674365354459541,0.19745717151541098,0.19742228810180826,0.1969669976482617,0.19642938825305514,0.19714021142811583,0.1965950451563422,0.19633299448617425,0.19698737004329167,0.19806005093204998,0.1983202550645518,0.198787591567129,0.19916566782322354,0.19866255546076078,0.19825640508277412,0.19761387663683996,0.19908838618309765,0.19909818374566107,0.20003612808823285,0.19980443222430147,0.20021237496451255,0.20014531196308608,0.19993744145892955,0.20072183228558838,0.1996071861944991,0.19902215138068255,0.1985631334765048,0.19841665564161956,0.1997519731837845,0.20091996033963663,0.19997907558512096,0.2016911812147387,0.20168385648172513,0.2017702551317338,0.2018615442393258,0.2018487341338587,0.20209585994100251,0.20208364115481697,0.20256127030312723,0.20247753742188807,0.20378899142521084,0.2045801807578312,0.20425161616169685,0.2034275849374534,0.20371987610630563,0.20497169384431288,0.2054280958765184,0.20520562481484692,0.2052004956300859,0.2053766047220403,0.20339791985965072,0.20374277466300084,0.20475539480349433,0.20456117458302528,0.20477657948631756,0.20713234432027405,0.20725785318534679,0.20648917865416247,0.20712287987328287,0.20848136813300747,0.2088355608621901,0.20662671021611156,0.20783061627896798,0.20743621247490218,0.207872301771812,0.20752398012470863,0.20587196306223693,0.20519563330850218,0.20633683743665684,0.2087101184851106,0.20848715204453247,0.20917908072807306,0.2106441236142244,0.21090963687215755,0.2106522426774147,0.20861467595166766,0.208296592234034,0.20684824405262084,0.2092160525028392,0.20769405920367684,0.20808675396202872,0.2080768007549486,0.20795856900571213,0.20927687151065202,0.21046280063259082,0.21088962496068475,0.21310678033596064,0.2155010736774795,0.2151351699032451,0.2156693732734174,0.2180384860764528,0.21931057297252246,0.21967157958923295,0.22025825847903924,0.2182712131146376,0.21933845049729858,0.21974081603635398,0.22246772412133764,0.2243402910171134,0.22454308108999885,0.22530745897243873,0.22827243700712288,0.22978054313643592,0.22949155280422684,0.22870361260631106,0.2283649435836799,0.22852574172885745,0.2288384954533916,0.2317935105597422,0.23477254055928604,0.23686542062636004,0.23813926357484472,0.23639979821306217,0.23436117038152518,0.23269686702375977,0.2329884272016555,0.2314380157596875,0.230785671089285,0.23139416638304755,0.23263180868297695,0.23343177680062765,0.2338580644889886,0.23281674610084196,0.23388942878788666,0.234499872892672,0.23688448352435898,0.23677757949773626,0.2407086021737291,0.2427119829694019,0.24387103839876811,0.24394223960724135,0.24536846765554504,0.24422014486706575,0.24415998870297803,0.2433407932434478,0.24345901321568267,0.2416479177415647,0.2436565859846004,0.24850549167087632,0.24878645799334895,0.24876991048587574,0.24821597595607606,0.24688565622634953,0.24519306486710854,0.24378229907081866,0.24432612610801385,0.24076634555470616,0.24042772406306492,0.2392988151161122,0.24092609710539942,0.2396740213252485,0.24173824024933835,0.24124397844712006,0.24203298173565682,0.24108665697805445,0.23997094241578273,0.2383241987681407,0.23891607144915702,0.23820977891978998,0.23859260580373332,0.24116816255622353,0.23994425941560768,0.23939530662834585,0.23951521448803695,0.2372174831094172,0.23928461340843282,0.24139265977055926,0.2428524702964153,0.24646467003587957,0.24837184142251473,0.24771827238948296,0.24577138442117982,0.24666682559925615,0.24782235363648933,0.25088730573167617,0.2501177876241479,0.249874535358987,0.2520466620361473,0.2528587930874562,0.2526360539639246,0.25363355358149287,0.2568034088992143,0.2575268956793877,0.25399614481734534,0.25297984683749847,0.25313929628842846,0.25367967602292607,0.25702976082187007,0.2556394422535847,0.25676623341742727,0.2562212375581579,0.2545706929690706,0.2542992620770435,0.2545736273193007,0.25463002469397056,0.2545956953062774,0.25344813931560534,0.2532081757256903,0.254635758356059,0.253689196744391,0.2531229288451006,0.2503141907664255,0.25230658666347167,0.2533546806319588,0.2495295545608359,0.24662260413086445,0.24550958790935276,0.24279743741360463,0.24270307395247556,0.242340397059746,0.2427698945216207,0.24623769975218404,0.2432989554723482,0.2428259621666459,0.24478743622721297,0.2459240383682872,0.2457559197868065,0.24732917148669176,0.246838499155052,0.24813371981088572,0.24963741606731848,0.25240484013028414,0.25432009014047924,0.2534274399978005,0.252702384730434,0.25149614525641273,0.2543365253978107,0.25197853398220155,0.2532333726894411,0.25475274774326234,0.25372263795889244,0.2547573510209772,0.25093841454332577,0.2529180593043226,0.2553754893465766,0.25481033459188634,0.2529762488845535,0.2530582367642775,0.2519758434070504,0.25336362798697276,0.25213257820769497,0.25157672713738716,0.2563486816851715,0.2579370558048329,0.2587615967870288,0.2589633780882158,0.25786982295573707,0.2582001825801573,0.25956654598313333,0.26100579958969966,0.2603866997172393,0.2619240951742939,0.2628199172803598,0.2647178536742701,0.26178239308477497,0.2600633682591881,0.2606208859244266,0.2584459638492713,0.25893321605677116,0.25625663061888715,0.25518252862216223,0.255360035794766,0.2544126203556698,0.25743569148879275,0.25744345907658667,0.2573357846706077,0.2559636040799182,0.2559415360501868,0.2562939337997329,0.2553668815130119,0.25532694226855523,0.2541088810842193,0.255021487942696,0.25640225449255494,0.2533196922577538,0.2529591730403835,0.25548085383262503,0.25496396980897923,0.25582777002160006,0.259508054095026,0.2592570840745945,0.2626473181370193,0.2639966724632246,0.2658712903838416,0.265142649541513,0.2642155295358666,0.26249793276862143,0.2639650623668967,0.26437492867942786,0.26372605755301115,0.26398118094384176,0.26509615882285836,0.2637742156772744,0.2626872610858662,0.26113146204530663,0.26250994044404447,0.2622015278272363,0.2633551858551494,0.26368053265629027,0.26448404676525156,0.2616144780771839,0.2621038292169182,0.2622134220715877,0.26433113650670426,0.26630866493443234,0.26533981977412613,0.2641357697877792,0.2632091146485834,0.26235114926145753,0.26101084595461965,0.258472097356427,0.2591605280609917,0.2584427000968278,0.25757067678567935,0.2552043127698147,0.25470539428779065,0.25259420970852736,0.251260325929509,0.25183673662507716,0.25305794832544265,0.25369196347192413,0.25328604872966454,0.2576592688784121,0.2564217846040875,0.2578270924621706,0.2565093661933262,0.25313662648860613,0.2531452472927876,0.2526331914383663,0.2525543115331409,0.2550292252011834,0.2554094156757792,0.2542676035947082,0.2569263650373598,0.2537496530238998,0.2539510901823185,0.25403964347827374,0.2525259927438531,0.25061337114860244,0.25218009399617497,0.25029707563645925,0.25266991733933264,0.24969583351585414,0.24941489890424498,0.25032495017657813,0.2446739474718581,0.24364764086035692,0.2423261648470898,0.24144665213982563,0.24082892694181857,0.24050676518454295,0.23866936759314428,0.23910032022234579,0.23835042341640192,0.23778386179409466,0.23959605437713258,0.24021878670735963,0.24034816029468192,0.24149608585405552,0.23797734153821445,0.2367828626768825,0.23634667423246533,0.23875036985183826,0.2347146151561236,0.23392126616092457,0.23275802254524847,0.23204098679171103,0.2308235177936887,0.23036129628307717,0.23245101630697093,0.23131987863025003,0.23188515188378672,0.22968116240159578,0.2282575344770421,0.2270351049320977,0.22642862356011415,0.22798841139056944,0.2265449394051666,0.22978121586023015,0.22975003594354532,0.22965335450059343,0.23110383107723897,0.2305627314258388,0.22684405903732746,0.22555887032435154,0.22478583664360247,0.22198603505797404,0.2202616667653565,0.222415969129088,0.21899000212525274,0.22051972421657431,0.2188722568309746,0.21577827666060728,0.21548428240273781,0.2146450973091683,0.2151642536227848,0.21342999400871904,0.21442967940553195,0.21566053415490102,0.21610297095017472,0.21136229989158234,0.21162390216428695,0.21305048264372836,0.2149864594921974,0.2151786608643004,0.21422200233089508,0.21757628537839507,0.21637356484111755,0.21560350569222345,0.21717399369053905,0.21752004298675998,0.21719510122987387,0.21588713313458677,0.21366854127896365,0.2144982968542467,0.21671377190488514,0.21428939984277218,0.2162425117961128,0.21806858590826725,0.220330857973385,0.21942519551811554,0.2154137845995459,0.21594769515115125,0.2148208951470572,0.216803923964544,0.21665682846316464,0.21653404178409658,0.21887208844085598,0.21657306552998276,0.21601379667085108,0.217210867592474,0.21728771184394877,0.2155317188097858,0.2126051982108921,0.21240585209242333,0.21272945673060184,0.2136746856789054,0.21703636759016354,0.216230751764214,0.21892725841491997,0.22380144889276135,0.22506024562623794,0.22345238758412347,0.22414662670647786,0.2224386855910138,0.22732124366900502,0.22376987665877704,0.22545117984352425,0.22635633056812512,0.22628411600245882,0.2281211544989182,0.22735296631726662,0.2278649607099242,0.22851876941435773,0.22742304197169613,0.22658629583180406,0.2297503455812177,0.22827598252464937,0.22894888137144417,0.23055455034408798,0.23190640870426601,0.2296730102471691,0.22782137179018547,0.2262801838765283,0.22830916905650422,0.22692306835028525,0.22689438003415488,0.2273829548648465,0.2277462000301218,0.23105328262848,0.23131063043203803,0.23141165930672059,0.22724073629715394,0.22946040915846705,0.22855700982234478,0.22970650242753446,0.22992330549493353,0.23016653871003123,0.2321115354558681,0.23024503813893454,0.22938792876844716,0.23166274323231184,0.23336846748973594,0.2333731495350292,0.23471774117854388,0.23386703694516428,0.2342360208613453,0.23600675231242,0.23404879545878526,0.23489339579699464,0.2369512426941209,0.2399924889839413,0.2405014128532337,0.24201307010797443,0.24168670202927742,0.24190077734031928,0.2419894468157746,0.24276032736566094,0.2427722055515617,0.24349337559874346,0.24521373364970336,0.2450760214053308,0.24544804367572554,0.24445195949303472,0.24353946035196755,0.24371173136797775,0.24367335441408958,0.24117585667994207,0.2415822650282494,0.24021871478264267,0.23931243779712974,0.23933184429657087,0.23935156706511682,0.23716874251779813,0.23864504451580582,0.23814409410788648,0.23592055426417446,0.2366971085886733,0.23562313555339545,0.2384692476842828,0.23991331415136827,0.24407140048477607,0.24501955071005468,0.24385767219775306,0.2456285622716663,0.24521191290052816,0.24407146383284534,0.24108518864154274,0.24260451745555806,0.24414459766749652,0.24686034292683476,0.24330310308780423,0.24269001886427283,0.23943912089892272,0.23731696791893647,0.23859643584986895,0.2373313018596581,0.2366334227873739,0.23202713860122848,0.23076140760865102,0.23243755947654937,0.2313962061221988,0.2314941520526855,0.2319128852569085,0.23119346027015564,0.23265901505308761,0.23272240183269313,0.23324402778395478,0.23355869482280042,0.2319780123940923,0.23025459239770243,0.22662444742004106,0.22249252155075458,0.22863225531568232,0.22718560863467574,0.22712463776539,0.23141458536822765,0.23024296226462793,0.2292665198715091,0.23206826646484044,0.23367767388363517,0.23577028664976254,0.23598454190795745,0.2377173659031749,0.23907002830940466,0.23678705924697688,0.2376657815742478,0.23500252069785327,0.23544297967486075,0.2349758444108611,0.23742893798073111,0.2378304142752497,0.238331171134923,0.23694981813838167,0.23728000909964064,0.23726123757523043,0.23315151056725383,0.23523656930834322,0.23450558304781563,0.23133607794945912,0.23182176637702764,0.2294494382385532,0.22689935569118608,0.2289898110493629,0.23440681956364043,0.2317913523688331,0.23198667060550562,0.2317792888810036,0.2351132028278814,0.2338148027388096,0.23629740467887037,0.23720364756299397,0.23786765812193916,0.23872787084627808,0.24096125215551592,0.23832220776283364,0.23527160902244032,0.2332857115548959,0.23572579357369824,0.2376655546614092,0.2422230684475469,0.24111591184053832,0.23781960624938744,0.2396752371193646,0.23922040189394353,0.23949061534720276,0.24018810479035907,0.24243425916814942,0.24346284234479396,0.24172667512311868,0.2405124008366781,0.23803785923908896,0.2352701051967434,0.2307378744386919,0.23040950452144235,0.2303241675047806,0.23072329829042723,0.22963153814685205,0.23146014361749034,0.23146686386768603,0.23208450865938754,0.23148868914447454,0.2319966969377838,0.22975941951542045,0.22933895318069264,0.23098715722507213,0.2286421496933649,0.23295579716681813,0.2336127462854906,0.2301536355431595,0.23067665028984233,0.23051386095607906,0.23274197243680944,0.23093459310454834,0.23200771321026395,0.22947573788684708,0.2320700461853006,0.23271272398010986,0.2308488348881707,0.23015433682669897,0.23139011701410983,0.23266578540452965,0.23535880806840492,0.235595550298831,0.2352723852588207,0.23590418108388467,0.23934052527321895,0.23782590213646596,0.2373637760139087,0.2368533090146148,0.23586701397375062,0.23602858322620135,0.23439260602848377,0.23773773959446867,0.23917029761335207,0.23742177186611793,0.23775344103348517,0.23872162010620837,0.23400404431361393,0.2335078760436578,0.23471044288603596,0.23640176666726706,0.2342799185436908,0.23496297443969147,0.2340216996180544,0.23358702548304122,0.23267499613272422,0.23239435299397712,0.23370218034150547,0.23726368067455395,0.23746047839612977,0.23568240903577078,0.2315493481191415,0.23105487430075972,0.23105495509961507,0.23254633486971735,0.2311059648969609,0.2295363624075932,0.22888807058242158,0.23017856964505895,0.23248309555533056,0.23152215604198034,0.2319035308492593,0.2316937223218838,0.23177910408575997,0.22959373924239487,0.22655674383175495,0.2293604662795325,0.2292329325511703,0.22891918430522804,0.23172049883621854,0.23206445459618336,0.23146305664144692,0.23120692184598807,0.2299834987077495,0.23046823946188616,0.2295825538541463,0.2288894225735745,0.22845318534825423,0.2291705348187404,0.22863387087249987,0.23051185276796501,0.2306884709709312,0.22931673585424528,0.22848958692077073,0.22915359919001382,0.22633318270331768,0.22660474095449232,0.22866657374262633,0.23009238700990875,0.228959102257756,0.23202427432830702,0.23351240670087609,0.2343641142104297,0.2347097495347031,0.2371847956834298,0.23746767912504466
